- Jet Lab
- Date: 2022-11-17 17:54:33
- Step: 0 motor steps
927
921
953
949
943
952
1028
997
991
871
1007
993
955
942
984
981
956
1048
959
909
988
984
982
943
972
949
992
1007
956
954
979
940
1009
1000
992
966
928
939
939
983
992
896
932
1036
948
1008
967
903
956
984
1006
963
934
963
1040
964
969
956
875
1028
1035
931
924
988
964
896
996
937
971
904
1039
989
1010
924
957
935
966
943
956
957
1033
1043
949
980
996
973
1025
936
971
902
979
972
997
972
904
1015
981
1023
974
1011
995
998
919
907
1003
922
956
1042
1027
979
998
1004
1007
988
963
974
925
924
989
926
1017
923
964
931
924
1008
1004
950
1014
985
973
905
969
936
1004
949
1009
946
1024
967
1028
886
939
1006
982
948
977
1016
980
960
993
948
908
914
1016
1061
1012
1036
963
969
894
983
950
950
966
981
984
999
982
952
988
972
1014
1022
975
989
993
1027
1014
979
1003
962
948
910
978
1009
993
949
966
960
927
936
980
923
990
1008
971
941
1008
947
1029
992
1032
960
955
1001
1043
1012
1012
1008
915
1008
976
1027
971
1024
975
900
922
938
992
993
964
938
1037
981
960
964
1042
956
1009
939
958
998
1004
903
1000
1012
930
936
929
1016
931
938
963
961
955
907
1018
940
936
1077
956
936
915
987
1034
979
914
979
1032
943
956
935
1016
1004
994
1002
929
961
999
989
990
984
992
989
1031
937
1023
1022
993
947
996
1021
1002
1038
1009
920
985
1030
929
925
930
966
969
976
1018
1037
959
941
1055
1043
1038
914
953
920
926
999
1025
1008
1001
1006
1017
977
975
963
912
955
1040
976
1034
952
976
908
1009
924
1010
996
1006
1049
967
957
959
1005
970
961
1036
924
944
963
997
1004
946
959
1032
1048
1062
992
984
1006
1019
986
1016
1011
986
977
916
946
955
972
948
1034
924
991
1012
988
1043
985
1030
911
980
993
930
1028
985
982
995
943
956
953
1018
1005
956
979
931
1002
933
975
1031
964
902
963
1073
994
997
947
967
1009
969
923
958
947
975
984
941
971
994
944
989
970
938
1009
1036
967
964
989
1019
1015
961
995
984
890
1036
958
946
1019
968
1006
982
955
1004
993
985
905
1056
988
1009
921
1002
918
969
1015
951
995
946
967
988
944
994
999
949
984
966
1003
951
951
1008
953
968
956
1025
1016
977
967
998
961
961
996
945
904
968
989
991
1023
1000
996
958
971
995
1028
1016
1002
1021
964
1001
956
900
988
974
985
969
918
995
949
1044
940
1005
965
928
1027
