- Jet Lab
- Date: 2022-11-17 17:58:58
- Step: 0 motor steps
1241
1201
1235
1229
1237
1321
1221
1219
1222
1282
1250
1254
1289
1250
1262
1228
1260
1244
1272
1264
1314
1295
1280
1345
1291
1265
1336
1259
1245
1313
1268
1311
1227
1255
1323
1273
1237
1275
1260
1332
1242
1289
1361
1243
1310
1289
1303
1229
1272
1370
1224
1212
1321
1232
1270
1310
1246
1198
1309
1216
1244
1240
1238
1239
1260
1335
1320
1255
1363
1304
1261
1229
1341
1246
1283
1256
1252
1237
1198
1246
1257
1273
1243
1241
1274
1299
1264
1270
1239
1309
1204
1263
1208
1265
1248
1236
1244
1262
1204
1306
1245
1284
1244
1295
1239
1275
1272
1243
1294
1240
1259
1268
1266
1256
1283
1243
1287
1286
1305
1263
1279
1309
1295
1236
1226
1285
1272
1226
1264
1231
1241
1247
1268
1245
1292
1272
1270
1329
1323
1292
1255
1275
1233
1264
1281
1270
1342
1318
1321
1247
1261
1218
1302
1277
1252
1320
1198
1306
1274
1220
1217
1247
1318
1315
1267
1311
1299
1319
1271
1316
1253
1283
1270
1266
1295
1270
1307
1275
1257
1376
1311
1270
1237
1227
1242
1272
1270
1308
1256
1321
1299
1253
1294
1329
1285
1333
1279
1219
1220
1242
1237
1296
1280
1286
1283
1268
1204
1243
1265
1359
1283
1246
1268
1264
1224
1298
1249
1291
1247
1295
1220
1230
1264
1211
1265
1221
1289
1255
1240
1291
1237
1269
1270
1255
1290
1268
1239
1222
1287
1320
1291
1256
1316
1272
1285
1308
1228
1307
1297
1243
1310
1329
1263
1233
1315
1300
1296
1239
1260
1182
1289
1277
1324
1281
1257
1259
1219
1281
1224
1322
1331
1286
1294
1238
1300
1278
1247
1238
1304
1305
1213
1276
1305
1232
1228
1272
1251
1273
1221
1279
1286
1243
1292
1296
1291
1252
1307
1272
1288
1242
1219
1282
1305
1276
1304
1295
1229
1209
1229
1279
1276
1300
1249
1255
1217
1228
1291
1262
1353
1220
1235
1271
1294
1356
1289
1247
1283
1280
1323
1219
1226
1319
1282
1196
1284
1280
1201
1224
1272
1216
1230
1295
1295
1302
1254
1241
1221
1354
1278
1279
1268
1247
1281
1324
1280
1304
1246
1222
1264
1247
1242
1343
1287
1268
1343
1255
1222
1255
1202
1296
1212
1352
1206
1272
1337
1316
1324
1265
1281
1294
1302
1312
1220
1299
1316
1283
1279
1324
1257
1206
1306
1346
1248
1225
1290
1231
1320
1277
1270
1262
1303
1292
1278
1236
1283
1306
1246
1302
1276
1320
1291
1297
1283
1287
1345
1294
1307
1265
1319
1324
1280
1212
1340
1294
1240
1264
1287
1197
1259
1294
1306
1270
1287
1214
1305
1331
1212
1267
1277
1334
1359
1380
1226
1281
1308
1263
1236
1239
1320
1297
1202
1264
1263
1267
1283
1240
1251
1318
1340
1306
1304
1319
1267
1296
1305
1294
1232
1232
1272
1204
1286
1289
1292
1260
1254
1298
1330
1243
1348
1318
1183
1260
1287
1337
1292
1310
1331
1284
1255
1269
1249
1294
1308
1233
1252
1260
1288
1232
1270
1216
