- Jet Lab
- Date: 2022-12-01 18:38:53
- Step: 3500 motor steps
3443
3632
3632
3712
3571
3680
3616
3702
3592
3453
3411
3698
3626
3684
3664
3752
3604
3638
3712
3680
3776
3538
3768
3726
3828
3760
3712
3756
3748
3756
3848
3808
3704
3696
3698
3696
3642
3584
3552
3376
3242
3168
2912
2723
2576
2290
2040
1848
1824
1682
1698
1644
1536
1614
1562
1508
1536
1488
1485
1464
1462
1446
1424
1448
1482
1496
1537
1480
1530
1484
1488
1464
1492
1424
1442
1480
1488
1382
1424
1392
1353
1432
1448
1420
1458
1360
1432
1480
1388
1372
1384
1406
1368
1419
1356
1360
1432
1345
1441
1385
1362
1385
1395
1438
1353
1315
1300
1346
1228
1324
1265
1243
1308
1425
1360
1301
1329
926
1347
1369
1295
1410
1446
1462
1512
1440
1488
1496
1424
1448
1486
1436
1477
1506
1462
1393
1356
1474
1363
1490
1489
1512
1478
1516
1440
1472
1560
1466
1572
1444
1544
1394
1530
1492
1457
1500
1517
1529
1564
1429
1482
1360
1478
1425
1478
1424
1472
1400
1456
1528
1344
1473
1476
1408
1494
1475
1417
1509
1484
1450
1488
1474
1513
1462
1474
1526
944
1408
1388
1366
1344
1328
1368
1308
1220
1204
1376
1376
1353
1378
1415
1358
1368
1402
1370
1444
1368
1438
1376
1352
1381
1328
1362
1347
1363
1360
1408
1389
1265
1268
1302
1251
1252
1270
1378
1377
1413
1422
1367
1464
1382
1376
1400
1424
1448
951
1326
1368
1432
1414
1372
1400
1413
1411
1408
1408
1400
1369
1330
1256
1392
1241
1337
1376
1336
1326
1420
1383
1438
1321
1424
1356
1422
1289
1348
1351
1364
1404
1369
1352
1444
1371
1392
1417
1393
1382
1392
1391
1398
1382
1264
1388
1376
1339
1321
1332
1360
1396
1331
1404
1400
1408
1368
1428
1404
1436
1368
1456
1360
1391
1216
1324
1404
1408
1350
1356
1442
1364
1360
1298
1312
1368
1321
1354
1392
1380
1314
1308
1364
1344
1392
1372
1362
1400
1342
1386
1340
1346
1418
1396
1404
1410
1432
1464
1360
1428
1365
1376
1410
1358
1413
1412
1368
1384
1414
1380
1336
1381
1398
1404
1360
1380
1440
1344
1425
1398
1440
1434
1390
1366
1360
1423
1372
1414
1336
1419
1322
1324
1414
1344
1360
1369
1368
1414
1330
1388
1348
1344
1392
1344
1404
1408
1404
1320
1379
1380
1373
1364
1348
1368
1396
1436
1381
1440
1416
1248
1178
1243
1425
1344
1338
1338
1376
929
1376
1412
1392
1398
1401
1414
1424
1393
1444
1320
1433
1380
1401
1381
1418
1344
1380
1297
1378
1319
1284
1339
1287
1372
1392
1360
1356
1356
1384
1360
1289
1385
1422
1384
1420
1376
1350
1470
1408
1432
1366
1432
1383
1414
1340
1320
1360
1346
916
1376
1376
1440
1436
1413
1432
1480
1388
1484
914
1427
1466
1366
1462
1458
1432
1460
1492
1408
1462
1452
1428
1480
1472
1497
1490
1473
1498
1266
948
1449
1369
1454
1351
1499
1472
1454
1429
1478
1457
1346
1472
1538
1355
1408
1396
1403
1432
1421
1476
1464
1440
1424
1424
1458
1378
1444
1438
1414
1361
1456
1425
1454
1478
1412
1500
1472
1400
1414
1396
1424
1395
1456
1494
1486
1382
1444
1410
969
1461
1482
1424
1344
1428
1450
1428
1384
1328
1414
1393
1422
1387
1446
1472
1434
1433
1486
1440
1427
1448
1437
1370
1440
1434
1396
1440
1460
1006
1345
1358
1344
1313
1388
1281
1475
1392
1501
1420
1480
1392
1472
1502
1428
1422
1546
1446
1434
1482
1419
1390
1458
1392
1432
1429
1435
1402
1456
1363
1408
1459
1449
1388
1338
1360
1308
1446
918
1388
1388
1488
1444
1436
1414
1507
1398
1452
876
1368
1408
1482
1464
1339
1476
1438
1432
1466
951
1427
1428
1384
1394
1448
1424
1456
1398
1428
994
1408
1460
1416
1409
1468
1430
1430
1404
1466
1436
1400
1405
1370
1418
1496
1425
1466
1440
1464
958
1377
1448
1384
1365
1520
1316
1330
1430
1374
1322
1389
1465
1433
1494
1457
1434
1432
1398
1476
1414
1468
1422
1476
1484
1444
1476
1399
1456
1472
1464
1497
1408
1442
1476
1440
1417
1408
1337
1360
1308
1424
1396
1452
1432
1478
1457
1496
1450
1433
1392
1394
1326
1400
1396
1369
1394
1340
1330
1383
1377
1322
1358
1410
1259
1315
1330
1367
1376
988
1426
1404
1388
1433
1368
1480
1366
1444
1456
1408
1324
1380
1358
1387
1304
1408
1444
1350
1370
1444
1385
1381
1331
1400
1332
1348
1314
1380
1384
1376
1386
1376
1378
1404
1452
1384
1447
1391
1416
1406
1397
1403
1401
1400
1408
1411
1337
1380
1360
1344
1399
1236
1223
1336
1308
1410
1321
1360
938
1408
1426
1420
1427
1413
1370
1398
1366
1428
1382
1421
1424
1380
1353
1347
1392
1376
1429
1426
1380
1378
1314
1415
1422
1408
1348
1376
1396
1360
1362
1394
1434
1346
1376
1413
1366
1378
1356
1447
1370
1404
1404
1416
1358
1378
1384
1358
1441
1362
1338
1296
1340
1416
1404
1304
1366
1332
1345
1352
1412
1359
1422
1344
1374
1352
1424
1358
1364
1344
1336
1387
1416
1377
1344
1403
1376
1348
1440
1326
1358
1384
1374
1427
1415
1354
1412
1349
1344
1380
1397
1306
1382
1404
1402
1360
1388
1438
1428
1356
1404
1419
1368
1384
1328
1404
1369
1440
1362
1344
1298
1417
1328
1306
1249
1408
1321
1420
1412
1456
1373
1374
1379
1408
1300
1491
1441
1388
1381
1356
1398
1379
1294
1396
1362
1446
1308
1398
1316
1411
1338
1394
1370
1408
1350
1408
1409
1392
1290
1351
1390
1302
1322
1419
1254
1374
1413
1399
1393
1432
1440
1395
1372
1397
1368
1436
1296
1294
1328
1324
1394
1364
1430
1372
1387
1412
1420
1339
1354
1452
1324
1398
1377
1413
1338
1344
1366
1408
1432
1382
1346
1338
1325
1374
1410
1377
1320
1440
1394
1452
1378
1395
1389
1356
1376
1376
1344
1366
1344
1390
1333
1432
1382
1413
1344
1331
1344
1372
1376
1401
1470
1324
1392
1457
1338
1320
1453
1353
1388
1412
1376
1368
1363
1408
1323
1392
1360
1368
1225
1408
1330
1379
1308
1453
1388
1332
1408
1389
1361
1356
1352
1408
1373
1456
1401
1392
1388
1424
1352
1449
1352
1438
1404
1408
1362
1384
1277
1378
1316
1377
1324
1426
1306
1336
1316
1492
1353
1321
1386
1392
1369
1383
1304
1424
1408
1285
1364
1420
1378
1350
1403
1456
1330
1435
1385
1402
1466
1403
1334
1348
1322
1416
1328
1401
1336
1372
1334
1369
1388
1416
1356
1410
1400
1398
1341
1374
1377
1462
1397
1408
1403
1420
1362
1448
1374
1412
1365
1285
1362
1451
1325
1400
1364
1392
1364
1362
1358
1308
1354
1395
1298
1392
1352
1413
1364
1451
1363
1371
1286
1425
1409
1376
1340
1412
1319
1408
1390
1404
1380
1412
1372
1395
1339
1368
1344
1401
1404
1402
1411
1389
1344
1392
1400
1409
1404
1390
1337
1464
1364
1394
1376
1296
1366
1368
1352
1422
1443
1419
1376
1386
1315
1448
1387
1372
1344
1338
1414
1297
1228
1392
1330
1426
1344
1388
1382
1412
1404
1334
1342
1400
1351
1404
1359
1382
1370
1408
1376
1358
1360
1404
1356
1413
1319
1432
1351
1346
1358
1340
1339
1356
1329
1336
1384
1400
1370
1356
1395
1392
1332
1388
1388
1422
1392
1415
1436
1404
1360
1308
1412
1336
1383
1394
1368
1382
1354
1299
1358
1374
1404
1404
1381
1369
1366
1344
1308
1395
1395
1435
1436
1426
1368
1389
1316
1352
1380
1416
1360
1328
1315
1400
1376
1401
1408
1394
1320
1387
1324
1323
1272
1409
1372
1396
1408
1410
1413
1452
1336
1384
1344
1412
1372
1408
1392
1408
1382
1424
1416
1372
1345
1352
1300
1374
1457
1240
1304
1344
1368
1382
1308
1360
1361
1450
1353
1444
1381
1364
1364
1403
1314
1376
1350
1388
1314
1298
1337
1376
1360
1328
1308
1344
1326
1378
1363
1368
1408
1377
1401
1381
1350
1360
1334
1441
1352
1337
1330
1336
1340
1424
1404
1360
1298
1368
1366
1361
1360
1294
1348
1396
1336
1408
1264
1280
1296
1285
1355
1389
1436
1400
1356
1420
1360
1408
1436
1363
1354
1428
1376
1383
1345
1385
1333
1354
1299
1350
1337
1408
1346
1321
1376
1414
1360
1427
1288
1340
1370
1457
1386
1372
1384
1432
1414
1376
1372
1328
1459
1420
1380
1403
1387
1395
1374
1353
1377
1382
1396
1350
1366
1376
1341
1364
1397
1345
1385
1338
1344
1321
1298
1414
1379
1426
1347
1347
1350
1376
1395
1390
1366
1396
1414
1428
1383
1376
1352
1382
1350
1444
1424
1361
1364
1340
1386
1367
1320
1372
1324
1414
1308
1353
1368
1364
1293
1339
1334
1408
1356
1405
1325
1396
1363
1452
1353
1388
1341
1456
1318
1437
1308
1349
1356
1384
1328
1377
1384
1372
1289
1430
1392
1440
1360
1380
1399
1452
1340
1384
1315
1394
1377
1461
1376
1364
1309
1396
1432
1336
1359
1427
1376
1381
1473
1400
1315
1408
1373
1408
1356
1340
1352
1428
1420
1428
1332
1420
1331
1448
1408
1368
1335
1369
1388
1452
1376
1442
1304
1368
1228
1377
1348
1425
1330
1372
1364
1364
1326
1360
1334
1414
1383
1353
1368
1420
1367
1374
1307
1392
1380
1344
1308
1324
1373
1298
1380
1448
1398
1475
1353
1352
1399
1411
1352
1353
1369
1400
1377
1372
1374
1382
1460
1293
1384
1388
1364
1392
1416
1385
1372
1442
1398
1398
1404
1352
1340
1310
1300
1424
1428
1363
1376
1383
1420
1364
1388
1370
1358
1386
1376
1362
1352
1320
1368
1316
1336
1332
1376
1436
1364
1403
1320
1366
1282
1392
1404
1353
1382
1436
1376
1397
1315
1312
1388
1410
1361
1436
1318
1380
1374
1435
1266
1374
1408
1412
1408
1394
1400
1432
1383
1396
1377
1348
1368
1292
1350
1390
1348
1416
1413
1424
1404
1414
1361
1376
1331
1363
1280
1376
1384
1354
1280
1395
1380
1382
1379
1364
1357
1422
1367
1396
1360
1418
1368
1360
1292
1396
1348
1410
1414
1433
1356
1464
1267
1400
1444
1427
1459
1496
1376
1400
1368
1416
1346
1400
1500
1430
1416
1380
1437
1445
1296
1344
1376
1415
1440
1484
1395
1432
1368
1466
1417
1485
1432
1376
1370
1356
1432
1504
1402
1500
1452
1456
1506
1494
1376
1432
1400
1472
1392
1380
1384
1480
1368
1396
1420
1530
1387
1459
1404
1396
1450
1506
1408
1492
1564
1720
1848
2070
2244
2444
2716
2944
3048
3210
3320
3400
3400
3523
3372
3524
3540
3624
3712
3636
3682
3744
3712
3664
3736
3776
3760
3688
3686
3728
3762
3778
3740
3792
3720
3712
3672
3716
3720
3484
3712
3712
3700
3746
3696
3720
3692
3752
3776
3484
3776
3712
3768
3808
3664
3672
3712
3768
3828
3776
3698
3666
3782
3680
3728
3744
3744
3728
3696
3716
3754
3744
3744
3724
3664
3680
3640
3692
3680
3752
3664
3736
3722
3712
3784
3744
3736
3756
3632
3728
3684
3750
3696
3704
3724
3730
3784
3846
3534
3668
3724
3608
3572
3720
3624
3762
3512
3520
3271
3552
3426
3488
3408
3312
3188
3272
3208
3032
2552
2708
2722
2596
2356
2244
2076
2016
1832
1752
1209
1600
1467
1566
1468
1448
1515
1472
1464
1482
937
1472
1388
1504
1445
1496
1372
1417
1427
1494
1386
1446
1401
1432
1408
1494
1408
1504
1428
1369
1454
1456
1402
1486
1452
1500
1383
1508
1444
1477
1368
1442
1352
1491
1410
1444
1442
1480
1404
1442
1370
1404
1378
1478
1372
1540
1483
1488
1434
1492
1296
1428
1367
1448
1459
1448
1341
1422
1380
1447
1352
1430
1378
1344
1359
1397
1382
1384
1394
1369
1349
1366
1326
1390
1442
1352
1280
1400
1420
1372
1364
1415
1337
1412
1403
1410
1350
1370
1354
1387
1370
1358
1327
1385
1314
1419
1392
1318
1377
1434
1367
1360
1328
1364
1366
1395
1400
1441
1280
1348
1340
1310
1428
1361
1408
1384
1362
1386
1392
1364
1404
1372
1331
1433
1308
1360
1358
1376
1342
1329
1384
1328
1368
1365
1372
1409
1396
1350
1316
1396
1374
1454
1368
1424
1363
1366
1380
1426
1384
1480
1306
1420
1352
1410
1324
1358
1344
1359
1321
1404
1274
1342
1329
1404
1360
1425
1266
1322
1326
1376
1329
1387
1395
1424
1360
1374
1396
1432
1404
1400
1418
1452
1384
1332
1342
1388
1355
1422
1408
1425
1325
1358
1430
1332
1376
1360
1396
1392
1339
1385
1306
1456
1358
1344
1332
1456
1376
1340
1329
1422
1356
1426
1299
1460
1420
1421
1386
1414
1356
1399
1354
1414
1336
1319
1294
1352
1392
1382
1352
1446
1391
1367
1422
1368
1382
1300
1361
1440
1376
1347
1382
1346
1302
1340
1336
1348
1320
1361
1296
1400
1318
1336
1319
1400
1354
1440
1326
1424
1287
1357
1302
1434
1352
1378
1331
1408
1330
1414
1368
1400
1403
1400
1318
1400
1340
1360
1340
1363
1424
1372
1332
1336
1302
1385
1363
1403
1364
1369
1360
1376
1294
1354
1418
1403
1364
1363
1315
1400
1389
1395
1380
1432
1380
1372
1304
1380
1379
1408
1347
1392
1342
1436
1344
1299
1364
1464
1360
1392
1353
1368
1368
1432
1335
1378
1337
1368
1362
1406
1377
1370
1353
1404
1376
1382
1304
1348
1360
1372
1380
1326
1344
1362
1458
1362
1338
1424
1414
1422
1346
1310
1400
1392
1328
1330
1324
1383
1372
1416
1334
1372
1305
1316
1358
1288
1348
1458
1367
1412
1340
1385
1338
1372
1324
1417
1373
1357
1350
1350
1392
1384
1317
1426
1355
1376
1356
1415
1332
1372
1233
1416
1384
1424
1400
1402
1326
1340
1309
1280
1284
1408
1332
1372
1350
1440
1340
1364
1352
1493
1331
1416
1352
1443
1315
1404
1472
1400
1325
1382
1402
1392
1297
1414
1353
1469
1411
1344
1354
1412
1339
1354
1360
1386
1347
1420
1361
1374
1378
1440
1390
1428
1345
1432
1426
1371
1380
1446
1284
1434
1344
1428
1304
1390
1287
1382
1330
1382
1396
1333
1311
1476
1361
1449
1340
1449
1384
1403
1372
1431
1377
1358
1394
1380
1352
1374
1376
1380
1311
1418
1346
1344
1323
1387
1337
1348
1329
1404
1310
1408
1236
1394
1357
1398
1292
1442
1298
1451
1326
1410
1328
1432
1344
1350
1320
1448
1285
1418
1283
1414
1284
1365
1313
1408
1297
1348
1312
1358
1356
1416
1385
1461
1372
1392
1411
1374
1362
1414
1294
1380
1262
1408
1363
1328
1371
1382
1287
1344
1336
1392
1369
1381
1357
1362
1313
1414
1344
1433
1342
1400
1304
1396
1306
1442
1352
1433
1255
1460
1316
1417
1364
1496
1312
1528
1344
1372
1324
1394
1334
1444
1376
1338
1254
1384
1342
1436
1274
1388
1334
1370
1348
1356
1284
1418
1363
1378
1360
1387
1320
1224
1320
1384
1372
1373
1360
1409
1291
1377
1346
1380
1386
1456
1354
1389
1331
1326
1325
1334
1344
1408
1286
1316
1284
1394
1326
1449
1308
1340
1289
1353
1378
1484
1312
1416
1390
1333
1338
1385
1354
1364
1324
1424
1265
1454
1316
1394
1318
1329
1304
1337
1288
1363
1337
1344
1364
1454
1352
1336
1328
1352
1290
1400
1312
1361
1360
1369
1308
1302
1360
1385
1383
1355
1412
1464
1401
1365
1386
1408
1368
1408
1329
1414
1347
1325
1380
1432
1382
1328
1376
1400
1388
1371
1402
1417
1404
1425
1299
1396
1368
1508
1334
1363
1317
1428
1286
1372
1298
1400
1486
1467
1520
1336
1400
1340
1452
1476
1280
1362
1320
1461
1350
1408
1316
1422
1324
1264
1360
1358
1305
1403
1388
1395
1361
1440
1300
1352
1372
1379
1312
1363
1414
1364
1376
1326
1280
1340
1363
1368
1368
1356
1353
1394
1352
1433
1369
1307
1308
1346
1306
1374
1312
1388
1369
1356
1400
1401
1404
1402
1416
1468
1372
1393
1394
1361
1361
1354
1370
1355
1381
1320
1396
1402
1404
1397
1413
1340
1462
1384
1408
1386
1326
1352
1396
1404
1448
1380
1424
1368
1441
1380
1462
1352
1394
1383
1376
1405
1344
1373
1361
1344
1374
1435
1286
1376
1302
1366
1440
1380
1490
1387
1436
1408
1424
1392
1333
1300
1320
1380
1429
1400
1412
1416
1404
1436
1412
1400
1404
1382
1472
1379
1368
1308
1398
1342
1344
1364
1396
1356
1433
1342
1352
1328
1475
1438
1430
1372
1422
1626
1432
1330
1381
1380
1359
1349
1344
1396
1374
1424
1373
1440
1316
1476
1368
1472
1398
1462
1397
1411
1441
1443
1308
1385
1396
1408
1403
1393
1420
1438
1384
1372
1358
1368
1408
1484
1417
1376
1404
1354
1396
1436
1400
1385
1417
1410
1355
1390
1452
1408
1408
1310
1444
1344
1372
1329
1376
1408
1428
1392
1420
1380
1379
1430
1393
1349
1408
1292
1468
1350
1349
1393
1376
1382
1396
1432
1372
1382
1420
1377
1404
1440
1388
1472
1385
1395
1398
1394
1408
1392
1349
1387
1684
1353
1360
1393
1451
1328
1459
1400
1344
1404
1384
1358
1419
1376
1350
1418
1345
1418
1386
1405
1398
1448
1382
1358
1460
1376
1418
1332
1422
1388
1428
1310
1478
1361
1374
1332
1315
1322
1420
1356
1464
1377
1443
1330
1345
1394
1356
1366
1313
1355
1408
1380
1308
1382
1341
1426
1424
1379
1436
1337
1401
1392
1376
1368
1348
1374
1453
1389
1390
1454
1369
1376
1382
1408
1344
1427
1384
1384
1274
1424
1408
1398
1392
1398
1432
1372
1408
1420
1415
1416
1410
1401
1352
1348
1304
1464
1380
1408
1393
1408
1427
1408
1420
1410
962
1492
1448
1413
1404
1411
1408
1410
1452
1421
970
1374
1399
1412
1474
1440
1372
1416
1520
1480
797
1428
1464
1460
1422
1441
1472
1442
1433
1441
1472
1402
1414
1453
1442
1430
1478
1418
1412
1416
1424
1424
1432
1483
1449
1416
1392
1323
1425
976
1376
1448
1436
1478
1412
1479
1472
1422
1465
1464
1440
1504
1408
1479
1458
1446
1516
1433
1450
1475
1440
1360
1432
1494
1400
1496
1472
1482
964
1430
1444
1449
1516
1422
1558
1512
1508
1490
1502
1408
1464
1462
1504
1384
1560
1344
1408
1488
1408
1452
1421
1496
1462
1284
1412
1369
1424
1366
1384
1442
1464
1417
1472
1412
1432
1368
1454
1388
1464
1412
1374
1408
1432
1454
1480
1432
1464
1780
1408
1390
1450
1436
1416
1268
1428
1460
1464
1466
1451
1420
1417
1294
1459
1432
1444
1446
1430
1457
1480
1498
1416
1452
1422
1438
1424
1436
1443
1472
1452
1434
1432
1460
1440
1320
1435
1438
892
1452
1576
1441
1440
1440
1458
1547
1408
1444
1472
1416
1408
1398
1335
1472
1457
1384
1478
1444
1400
1428
1369
1472
1432
1376
1456
1484
1446
1422
1448
1392
1430
1440
1496
1444
1380
1462
1392
1440
1472
1424
1456
1472
1464
1512
1516
1468
1476
1536
1422
1379
1443
1520
1396
1296
1358
1445
1418
1496
1472
1396
1420
1442
1452
1410
1451
1438
1094
1392
1464
1384
1473
1408
1442
1460
1456
1438
1464
1408
1484
1392
1396
1384
1361
1415
1484
1384
1453
1341
1398
1402
1300
1336
1377
1366
1322
1344
1334
1404
1368
1432
1352
1421
1440
1409
1409
1380
1388
1392
1420
1334
1371
1310
1309
1332
1395
895
1382
1404
1492
1424
1440
1462
1358
1368
1408
1377
1380
1388
1345
1344
1332
1360
1328
1382
1458
1418
1366
1395
1395
1336
1299
1381
1372
1478
1416
1284
1347
1376
1316
1264
1442
1480
1362
1372
1399
1385
1444
1398
1408
1399
1402
1383
1344
1284
1356
1457
1395
1408
1264
1270
1418
1364
1404
1342
1398
1286
1428
1381
1332
1328
1364
1344
1317
1351
1392
1351
1443
1408
1408
1372
1408
1472
1415
1396
1380
1409
1334
1390
1378
1273
1358
1371
1402
1410
953
1584
1529
1748
1640
1870
2002
2100
2346
2532
2636
2782
2928
3077
3168
3321
3370
3400
3430
3500
3576
3566
3601
3598
3584
3566
3608
3668
3690
3600
3673
3622
3719
3642
3728
3616
3688
3592
3760
3724
3796
3680
3756
3786
3664
3700
3712
3648
3635
3616
3628
3665
3756
3697
3688
3764
3600
3740
3752
3648
3652
3764
3736
3720
3600
3748
3784
3800
3668
3840
3712
3699
3716
3752
3754
3712
3796
3776
3776
3621
3732
3712
3630
3652
3764
3808
3830
3732
3783
3745
3792
3808
3792
3767
3792
3760
3751
3798
3680
3720
3672
3816
3664
3696
3742
3760
3696
3752
3668
3684
3702
3776
3740
3712
3666
3792
3760
3712
3719
3748
3696
3738
3724
3744
3760
3756
3653
3680
3648
3680
3568
3392
3186
2944
2857
2564
2211
1964
1857
1696
1684
1552
1606
1498
1460
1360
1504
1432
1416
1422
1408
1447
1409
1408
1388
1346
1443
1401
1358
1389
1392
1430
1394
1382
1388
1387
1372
1416
1408
1388
1392
1430
1366
1400
1403
1326
1368
1444
1364
1401
1314
1380
1420
1363
1393
1411
1360
1376
1400
1440
1404
1308
1444
1400
1312
1283
1326
1369
1380
1328
1449
1411
1424
1350
1364
1428
1416
1376
1411
1362
1356
