- Jet Lab
- Date: 2022-12-01 18:26:09
- Step: 3500 motor steps
1361
1640
1516
1648
1547
1559
1776
1710
1549
1623
1577
1547
1612
1668
1362
1708
1806
1766
1627
1736
1724
1816
1734
1757
1728
1753
1646
2064
2028
1922
1978
1948
1893
1910
1894
1960
1736
2049
1928
1906
1928
1974
1964
1920
2032
1884
1881
1923
1946
1986
2020
1968
1937
2070
1996
2000
1984
2086
2080
2084
2016
2064
1945
2072
1988
2080
2041
2112
2094
2100
2089
2140
1996
1992
2016
2080
2010
2049
1946
2072
2056
1964
2024
2008
2012
1996
1952
2028
1888
2128
2009
1976
2008
2080
2008
2048
1904
2092
1958
1890
1927
1986
1929
1888
1908
1937
1860
1750
1840
1927
1728
1879
1836
1862
2008
1988
1948
2057
1996
1888
1844
2016
1940
1960
2000
1928
1904
1948
1888
2038
1856
1792
1946
1972
1861
1960
1936
1948
1866
1860
1866
1820
1878
1880
1836
1684
1798
1865
1750
1724
1806
1788
1874
1756
1684
1736
1688
1756
1846
1676
1772
1782
1664
1721
1748
1747
1760
1612
1593
1697
1624
1580
1636
1613
1569
1668
1605
1720
1728
1054
1568
1409
1606
1664
1616
1552
1565
1562
1470
1491
1545
1499
1520
1488
1504
1416
1550
1606
1564
1540
1560
1538
1526
1498
1545
1549
1536
1495
1528
1388
1324
1391
1344
1496
1466
1544
1514
1416
1472
1486
1424
1404
1500
1486
1500
1484
1472
1438
924
1511
1508
1440
1511
1540
1536
1433
1344
1355
1415
1400
1424
1420
1457
1410
1396
1476
1461
1490
1449
1516
1536
1472
1462
1536
1504
1500
1556
1416
1422
1440
1423
1478
1464
1380
1495
1451
1416
1448
1420
1420
1445
1468
1467
1494
1500
1453
1466
951
1473
1283
1369
1419
1384
1411
1368
1330
1408
1396
1328
1380
1419
1394
1361
1382
1264
1262
1340
1388
1396
1242
1285
1364
1370
1284
1376
1408
1388
1368
1484
1408
1385
1462
1396
1399
1356
1398
876
1376
1396
1367
1408
1355
1432
1346
1366
1418
1358
1344
1378
1416
1348
1424
1296
1354
1330
1360
1313
1348
1426
1312
1313
1372
1334
1299
1412
1426
1358
1364
1388
1394
1345
1368
1292
1405
1352
1371
1424
1388
1420
1362
1411
1310
1392
1346
1338
1344
1353
1329
1390
1349
1386
1362
1408
1345
1393
1392
1388
1346
1392
1392
1337
1360
1328
1360
1358
1453
1395
1384
1376
1384
1375
1319
1376
1396
1400
1380
1364
1370
1420
1388
1277
1414
1380
1358
1431
1346
1356
1348
1396
1366
1313
1350
1376
1393
1388
1392
1374
1332
1395
1360
1321
1350
1398
1393
1382
1403
1363
1378
1371
1368
1408
1345
1384
1386
1403
1362
1398
1392
1414
1394
1350
1417
1438
1317
1334
1414
1344
1388
1401
1342
1354
1418
1426
1348
1376
1356
1397
1351
1416
1370
1362
1392
1316
1416
1377
1408
1285
1344
1318
1329
1397
1441
1394
1388
1390
1374
1356
1312
1308
1337
1363
1386
1342
1370
1384
1416
1424
1381
1358
1335
1350
1388
1376
1424
1427
1408
1358
1265
1376
1280
1288
1342
1373
1338
947
1500
1529
1520
1523
1494
1473
1472
1522
1576
1498
1496
1388
1544
1456
1456
1442
1428
1516
1504
1401
1412
1536
1452
1432
1484
1232
1332
1320
1425
1432
1441
1416
1365
1390
1354
1378
1518
1462
1500
1472
1448
1502
1532
1468
1464
1492
1480
1490
1485
1449
1482
1428
1536
1536
1462
1459
1492
1510
1504
1446
1536
1402
1456
1499
1446
1539
1480
1518
1008
1396
1451
1444
1390
1386
1418
1422
1468
1433
1244
1286
1350
1425
1348
1392
1396
1320
1328
1369
1328
1390
1340
1436
1350
1398
1410
1381
1402
1414
1369
1408
1268
1378
1404
1384
1392
1336
1369
1262
1346
1321
1435
1389
1433
1348
1389
1328
1385
1336
1372
1412
1404
1365
1384
1358
1418
1368
1365
1440
1395
1459
1424
1355
1310
1266
1210
1280
1183
1332
1344
1464
1432
1443
1411
1420
1314
1418
1352
1344
1360
1368
1396
1411
1354
1388
1440
1366
1399
1385
1356
1382
1382
1304
1408
1420
1354
1408
1395
1416
1408
1382
1390
1351
1395
1414
1368
1340
1416
1376
1362
1385
1372
1390
1396
1428
1404
1413
1376
1416
1418
1392
1350
1396
1434
1403
1308
1366
1316
1351
1376
1382
1322
1360
1364
1334
1372
1395
1422
1320
1382
1394
1376
1387
1342
1366
1403
1328
1380
1356
1364
1392
1420
1356
1383
1408
1372
1406
1376
1358
1358
1360
1474
1382
1404
1421
1376
1382
1409
1304
1385
1314
1265
1254
1328
1392
1336
1228
1313
1576
1419
1496
1448
1442
1344
1472
1510
1472
1400
1504
1472
1419
1480
1472
1498
1464
1520
1523
1414
1520
1384
1474
1491
1486
1512
1440
1482
1452
1489
1536
1492
1466
1492
1432
1480
1436
1536
1528
1472
1422
1528
1524
1532
1468
1526
1522
1488
1440
1500
1486
1466
1500
1536
1464
1456
1505
1450
1459
1516
1524
1512
1518
1340
1362
1396
1520
1528
1490
1366
1376
1342
1351
1347
1344
1395
1372
1426
1449
1374
1416
1356
1400
1345
1404
1344
1428
1383
1401
1377
1323
1348
1355
1450
1384
1366
1322
1348
1404
1232
1408
1347
1445
1370
1374
1376
1360
1400
1323
1413
1322
1388
1345
1424
1342
1510
1356
1390
1364
1310
1410
1280
1308
1292
1432
1416
1376
1372
1288
1410
1334
1410
1398
1464
1382
1396
1181
1460
1440
1359
1399
1421
1332
1344
1362
1358
1424
1340
1480
1322
1376
1377
1368
1386
1397
1396
1359
1409
1328
1296
1318
1436
1361
1416
1386
1376
1378
1396
1326
1348
1382
1328
1344
1352
1380
1420
1396
1400
1402
1276
1347
1347
1388
1394
1341
1272
1394
1441
964
1402
1376
1378
1352
1427
1366
1475
1346
1410
1388
1380
1392
1363
1427
1370
1330
1385
1367
1351
1289
1369
1386
1344
1347
1338
1381
1378
1308
1282
1336
1473
1371
1374
1288
1366
1336
1390
1366
1344
1425
1325
1348
1361
1330
1396
1360
1400
1338
1354
1317
1356
1380
1368
1376
1378
1340
1345
1378
1351
1330
1376
1366
1390
1379
1443
1357
1324
1378
1342
1356
1368
1327
1408
1370
1394
1363
1357
1352
1432
1328
1408
1359
1376
1366
1400
1304
1377
1387
1312
1349
1329
1330
1352
1318
1380
1364
1353
1344
1360
1315
1400
1374
1438
1448
1386
1275
1344
1045
1372
1307
1433
1412
1396
1427
1360
1388
1424
1324
1366
1288
1404
1356
1439
1373
1379
1382
1388
1351
1364
1344
1409
1376
1412
1392
1400
1393
1456
1404
1385
1380
1436
1388
1432
1338
1419
1396
1247
1339
1390
1360
1376
1356
1334
1348
1305
1382
1346
1314
1454
1373
1378
1324
1460
1268
1393
1362
1412
1348
1364
1360
1456
1332
1372
1403
1372
1438
1392
1346
1423
1358
1362
1366
1377
1260
1408
1348
1350
1336
1462
1352
1330
1376
1391
1372
1415
1336
1408
1364
1350
1363
1384
1425
1393
1432
1340
1336
1350
1414
1390
1320
1334
1340
1372
1363
1392
1428
1382
1371
1353
1363
1348
1336
1365
1340
1392
1336
1406
1350
1458
1348
1392
1354
1399
1390
1318
1348
1341
1388
1374
1310
1410
1400
1408
1352
1440
1368
1424
1370
1412
1417
1464
1416
1374
1324
1408
1418
1416
1352
1392
1368
1344
1417
1422
1436
1393
1336
1414
1387
1388
1382
1404
1397
1402
1432
1344
1384
1408
1370
1289
1316
1296
1372
1366
1442
1420
1316
1404
1408
1324
1349
1424
1326
1395
1390
1417
1352
1410
1432
1299
1444
1340
1388
1356
1408
1440
1394
1366
1362
1392
1368
1393
1359
1380
1390
1358
1374
1445
1358
1408
1378
1441
1416
1508
1368
1504
966
1412
1370
1496
1428
1496
1433
1441
1376
1453
982
1408
1441
1434
1408
1521
1456
1448
1354
1424
906
1428
1390
1452
1379
1472
1328
1434
1418
1464
945
1542
1500
1502
1344
1434
1396
1472
1420
1510
1446
1384
1380
1456
1476
1456
1420
1520
1366
1489
1344
1444
1404
1480
1417
1412
1462
1521
1412
1459
1409
1408
1393
1464
1369
1410
1433
1465
1428
1418
1352
1414
1368
1486
1396
1396
1448
1488
1390
1458
1411
1426
1448
1472
1402
1530
1422
1422
1394
1442
1462
1465
1424
1442
1434
1456
1409
1433
1430
1447
1384
1452
1416
1468
1464
1516
1474
1475
1450
1436
1466
1476
1396
1459
1380
1456
1450
1442
1424
1394
1411
1413
1440
1462
1428
1529
1418
1386
1394
1340
1450
1441
1427
1432
1360
1432
1396
1458
1404
1504
1452
1456
1476
1460
1468
1411
1423
1448
1460
1478
1451
1412
1376
1476
1410
1420
1386
1458
1424
1448
1358
1456
1400
1462
1442
1440
1443
1472
1443
1444
1481
1484
1409
1504
1390
1480
1425
1370
1468
1442
1412
1444
1460
1474
1401
1350
1365
1384
1409
1430
1384
1422
1399
1461
1436
1521
1420
1416
1364
1514
1434
1530
1360
1456
1430
1456
1452
1468
1380
1480
1424
1516
1476
1496
1408
1456
1484
1484
1478
1454
1376
1528
1393
1506
1446
1448
1414
1476
1402
1436
1436
1520
1464
1528
1412
1520
1424
1479
1358
1412
1422
1460
1394
1366
1332
1420
1396
983
1414
1458
1444
1328
1361
1392
1358
1431
1378
1380
1411
1424
1351
1393
1307
1434
1300
1359
1290
1476
1374
1379
1433
1449
1398
1360
1376
1444
1414
1416
1400
1380
1362
1376
1457
1412
1442
1460
1419
1476
1436
1498
1344
1368
1403
1417
1352
1489
1480
1482
1440
1544
1472
1422
1373
1410
1463
1442
1474
1480
1454
1451
1520
1464
1475
1543
1442
1568
1488
1443
1510
1530
1540
1504
1587
1570
1531
1530
1538
1512
1500
1488
1539
1486
1486
1587
1536
1536
1592
1498
1668
1618
1601
1703
1636
1584
1523
1735
1512
1546
1446
1632
1622
1664
1616
1584
1592
1659
1568
1720
1506
1676
1664
1795
1624
1660
1720
1708
1471
1800
1712
1897
1826
1778
1749
1756
1856
1792
1792
1796
1704
1728
1744
1751
1824
1824
1714
1796
1827
1770
1794
1817
1752
1870
1784
1792
1816
1916
1792
1988
1814
1785
1856
1776
1786
1904
1897
1913
1856
1822
1884
2018
1914
1926
1952
1878
1868
2014
1830
1858
1760
1912
1832
1888
1862
1864
1804
1588
1914
1904
1880
1938
1924
2001
1908
1857
1953
1930
1890
1984
1910
1806
1892
1920
1928
1956
1945
1908
2006
2028
1844
1980
1888
1926
1876
1818
1859
1874
1800
1992
1932
1867
1888
1753
1926
1954
1921
1824
1596
1796
1816
1880
1658
1770
1748
1778
1687
1786
1852
1818
1712
1818
1824
1763
1700
1769
1750
1742
1744
1731
1720
1779
1748
1864
1736
1782
1621
1676
1688
1758
1620
1740
1674
1660
1552
1636
1515
1668
1623
1567
1553
1632
1607
1632
1580
1666
1560
1680
1537
1571
1632
1619
1568
1606
1630
1615
1627
1652
1586
1584
1540
1537
1592
1602
1489
1609
1490
1664
1551
1580
1548
1684
1524
1540
1491
1509
1506
1553
1540
1584
1560
1560
1480
1522
1513
1488
1489
1569
1562
1558
1456
1508
1536
1490
1436
1515
1453
1508
1484
1454
1465
1472
1453
1484
1491
1464
1496
1576
1461
1508
1520
1498
1434
1400
1468
1492
1468
1500
1500
1496
1476
1408
1361
1436
1276
1530
1354
1457
1402
1435
1410
1440
1432
1382
1382
1488
1408
1380
1456
1414
1344
1428
1438
1412
1409
1376
1401
1487
1423
1364
1418
1396
1372
1324
1344
1384
1392
1448
1373
1369
1377
1440
1364
1376
1392
1366
1368
1440
1385
1376
1404
1464
1404
1370
1385
1392
1324
1442
1420
1404
1364
1403
1424
1392
1366
1442
1315
1379
1378
1460
1326
1418
1374
1392
1344
1370
1322
1347
1377
1393
1337
1356
1392
1373
1370
1408
1392
1415
1364
1403
1380
1456
1370
1456
1416
1457
1344
1383
1366
1418
1379
1448
1292
1385
1358
1326
1336
1335
1367
1383
1312
1424
1324
1377
1349
1384
1314
1376
1384
1322
1360
1380
1372
1392
1380
1430
1398
1404
1340
1382
1298
1408
1350
1382
1408
1360
1366
1376
1384
1414
1322
1392
1376
1408
1338
1380
1372
1384
1405
1368
1408
1444
1371
1420
1358
1331
1388
1399
1358
1232
1338
1388
1346
1448
1400
1352
1356
1333
1354
1369
1334
1339
1331
1424
1300
1300
1351
1408
1329
1400
1328
1448
1372
1437
1352
1392
1380
1372
1360
1383
1387
1418
1340
1404
1398
1366
1261
1435
1345
1414
1401
1420
1384
1376
1369
1308
1344
1370
1328
1322
1408
1436
1344
1379
1384
1352
1362
1292
1338
1336
1371
1374
1348
1373
1372
1448
1368
1359
1368
1408
1378
1444
1309
1411
1351
1401
1335
1324
1230
1288
1227
1264
1254
1287
1336
1332
1342
1323
1301
1296
1370
1426
1308
1255
1296
1315
1280
1312
1268
1260
1304
1366
1177
1368
1491
1459
1463
1466
1424
1434
1438
1441
1392
1512
1456
1480
1516
1520
1364
1396
1320
1320
1353
1372
1382
1324
1338
1422
1357
1394
1269
1546
1384
1474
1400
1496
1536
1512
1420
1474
1472
1536
1472
1516
1468
1485
1476
1510
1483
1478
1454
1473
1508
1452
1432
1526
1464
1513
1456
1536
1445
1466
1505
1545
1444
1529
1432
1496
1478
1446
1447
1558
1327
1356
1291
1414
1320
1379
1382
1417
1362
1362
1372
1320
1444
1398
1393
1448
1393
1304
1322
1415
1392
1374
1334
1408
1384
1364
1302
1344
1294
1426
1393
1356
1342
1400
1362
1436
1347
1356
1432
1420
1418
1422
1329
1400
1400
1328
1286
1387
1290
1324
1360
1420
1365
1359
1408
1395
1312
1379
1400
1385
1360
1388
1347
1420
1337
1338
1391
1447
1382
1440
1404
1440
1388
1337
1257
1347
1340
1318
1270
1412
1433
1369
1340
1424
1392
1402
1354
1366
1378
1466
1336
1411
1376
1450
1420
1458
1328
1476
1416
962
1320
1396
1384
1414
1362
1356
1338
1366
1367
1393
1351
1452
1364
1399
1390
1376
1426
1385
1395
1420
1422
1310
1394
1436
1361
1353
1344
1390
1322
1360
1351
1360
1255
1376
1317
1422
1344
1408
1404
1400
1380
1404
1318
1358
1392
1382
1272
1352
1352
1410
1361
1377
1386
1420
1376
1458
1376
1408
1361
1384
1372
1452
1409
1340
1308
1360
1399
1367
1332
1392
1379
1422
1340
1340
1291
1424
1328
1458
1344
1390
1376
1410
1393
1408
1392
1383
1410
1400
1372
1328
1258
1394
1334
1331
1376
1391
1367
1396
1369
1388
1385
1401
1384
1358
1382
1356
1356
1395
1419
1466
1392
1417
1400
1350
1368
1400
1388
1360
1387
1480
1341
1422
1360
1322
1316
1352
1420
1388
1376
1416
1316
1400
1350
1384
1390
1379
1364
1401
1379
1376
1444
1456
1322
1397
1373
1387
1366
1231
1377
1284
1347
1354
1340
1414
1400
1346
1405
1411
1370
1366
1381
1438
1318
1292
1377
1416
1332
1408
1388
1409
1417
1324
1396
1480
1408
1424
1353
1416
1414
1362
1376
1420
1324
1429
1384
1408
1320
1376
1347
1346
1334
1349
1372
1402
1332
1404
1410
1376
1340
1430
1372
1388
1348
1380
1390
1230
1329
1324
1358
1432
1393
1462
1372
1401
1426
1488
1409
1410
1444
1438
1448
1453
1441
1438
1403
1452
1410
1456
1484
1452
1393
1488
1458
1464
1418
1480
1400
1556
1414
1492
1424
1433
1354
1448
1466
1412
1307
1467
1376
1492
1452
1482
1444
1496
1464
1459
1440
1465
1396
1452
1404
1521
1410
1337
1320
1392
1484
1450
1417
1476
1360
1449
1347
1444
1417
1524
1472
1480
1402
1472
1411
1465
1440
1496
1417
1448
1355
1488
1457
1414
1395
1460
1408
1460
1422
1432
1456
1475
1386
1383
1419
1486
1446
1488
1434
1418
1432
1528
1444
1448
1376
1424
1377
1418
1462
1468
1409
1432
1464
1475
1410
1465
1336
1429
1440
1365
1473
1424
1376
1480
1460
1432
1357
1514
1417
1436
1412
1473
1415
1482
1486
1441
1494
1420
1472
1536
1456
1478
1448
1465
1444
1440
1408
1381
1324
1324
1366
1306
1451
1300
1433
1272
1362
1389
1356
1438
935
1379
1436
1355
1368
1338
1299
1326
1378
1381
1436
1472
1479
1453
1380
1321
1462
1392
1396
1496
1460
1430
1420
1385
1318
1392
1346
1408
1457
1472
1440
1405
1500
1472
1512
1445
1426
1492
1488
1420
1475
1515
1491
1514
1437
1438
1452
1476
1556
1460
1418
1517
1438
1441
1420
1466
1392
1540
1428
1472
1433
1500
1430
1484
1478
1477
1442
1480
1492
1489
1488
1456
1302
1425
1404
1412
1466
1462
1446
1522
1452
1464
1500
1498
1408
1465
1472
1440
1456
1467
1500
1337
1424
1380
1236
1319
1208
1427
1416
1390
1400
1368
1456
1389
1404
1452
1404
1388
1381
897
1392
1420
1340
1360
1441
1393
1434
1384
1450
1385
1438
1420
1350
1400
1392
1368
1342
1353
1346
1348
1293
1347
1484
1400
1384
1404
1381
1422
1360
1395
1408
1449
1448
1396
1412
1426
1396
1378
1379
1346
1423
1394
1432
1408
1320
1271
1334
1077
1408
1296
1341
1360
1360
1308
1326
1341
1374
1353
1356
1432
1339
1317
996
1351
1268
1404
1368
1444
1291
1372
1334
1362
1336
1258
1318
1316
1364
1143
1381
1378
1524
1494
1502
1542
1504
1459
1479
1512
1572
1444
1504
1466
1491
1520
1526
1482
1520
1434
1532
1514
1510
1352
1440
1425
1413
1424
1410
1464
1457
1460
1456
1504
1462
1473
1481
1560
1480
1461
1490
1462
1530
1510
1552
1512
1488
1472
1472
1545
1520
1496
1492
1492
1508
1528
1538
1424
1480
1448
1468
1536
1454
1477
1461
1496
1524
1508
1556
1400
1374
1342
1374
1386
1416
1344
1420
1378
1484
1404
1394
1360
1388
1376
1427
1409
1446
1442
1468
1345
1408
1420
1400
1304
1363
1403
1396
1392
1384
1408
1402
1414
1416
1376
1409
1425
1432
1414
1444
1382
1347
1391
1442
1386
1410
1265
1307
1332
1432
1368
1408
1414
1384
1380
1379
1399
1409
1435
1424
1388
1373
1392
1372
1482
1364
1380
1412
1385
1398
1366
1366
1396
1419
1433
1434
1364
1370
1390
1417
1374
1512
1380
1400
1320
1400
1340
1414
1371
1388
1412
1430
1400
1370
1356
1444
1358
1376
1404
1412
1372
1416
1440
1404
1276
1340
1272
1328
1432
1441
1385
1356
1354
1377
1382
1472
1426
1418
1398
1424
1377
1376
1385
1372
1351
1393
1408
1368
1416
1443
1360
1436
1394
1404
1392
1464
1412
1386
1370
1388
1376
1408
1451
1378
1372
1432
1340
1420
1428
1376
1376
1396
1294
1314
1316
1389
1393
1394
1352
1353
1368
1408
1292
1392
1358
1361
1396
1404
1366
1296
1428
1333
1352
1405
1324
1408
1384
1408
1427
1384
1376
1435
1315
1392
1408
1409
1369
1374
1401
1377
1396
1422
1414
1472
1412
1432
1336
1408
1372
1428
1412
1429
1395
1331
1368
1452
1400
966
1402
1420
1398
1419
1356
1400
1424
1422
1426
1456
1426
1298
1371
1306
1392
1324
1399
1398
1428
1368
1386
1366
1432
1389
1408
1401
1416
1384
1380
1395
1376
1438
1420
1437
1452
1360
1392
1404
1392
1404
1400
1379
1384
1360
1420
1428
1384
1450
1451
1394
1328
1392
1388
1420
1413
1459
1438
1444
1373
1418
1408
1417
1336
1417
1360
1344
1369
1458
1436
1356
1408
1396
1418
1448
1348
1444
1400
1424
1368
1334
1376
1368
1403
1347
1466
1412
1433
1392
1484
1385
1280
1366
1373
1416
1408
1392
1361
1411
1392
1419
1386
1456
1400
1412
1411
1408
1370
1372
1364
1392
1363
1433
1408
1464
1425
1442
1414
1398
1398
1408
1355
1386
1360
1401
1411
1456
1338
1307
1339
1394
1332
1467
1395
1403
1376
1428
1418
1374
1305
1396
1382
1363
1372
1440
1380
1394
1388
1377
1398
1468
1408
1416
1428
1393
1385
1392
1450
1400
1372
1414
1348
1376
1432
1331
1352
1377
1436
952
1434
1432
1436
1422
1352
1251
1432
1373
1392
1362
1344
1428
1268
1380
1454
1464
1291
1405
1312
1350
1458
1312
1446
1365
1384
1467
1464
1434
1464
1398
1429
1348
1377
1318
1332
1344
1352
1428
1388
1404
1402
1515
1369
1400
1437
1404
1398
1454
1353
1432
1390
1420
1430
1427
1384
1368
1358
1363
1413
1396
1466
1398
1372
1426
1368
1408
1410
1360
1415
1346
1452
1432
1437
1398
1296
1377
1398
1372
979
1379
1402
1396
1372
1364
1412
1425
1409
1359
1392
1454
1432
1440
1455
1386
1408
1417
1424
1420
1408
1412
1396
1452
1356
1420
1403
1460
1362
1355
1402
1376
1409
1468
1428
1430
1409
1454
1394
1388
1426
1452
1456
1418
1422
1379
1490
1400
1450
1422
1444
1418
1490
1237
1456
1409
1464
1374
1401
1440
1476
1396
1468
1414
1478
1481
1484
1488
1449
1462
1464
1387
1508
1444
1446
1592
1521
1555
1504
1464
1499
1568
1539
1444
1488
1436
1452
1439
1548
1580
1519
1512
1528
1506
1510
1530
1536
1580
1446
1476
1476
1523
1496
1523
1541
1374
1480
1480
1563
1432
1428
1443
1496
1539
1554
1536
1538
1572
1666
1562
1582
1618
1596
1472
1568
1556
1648
1606
1680
1649
1540
1648
1576
1616
1660
1660
1698
