- Jet Lab
- Date: 2022-12-01 18:30:50
- Step: 3500 motor steps
1373
1644
1664
1702
1768
1704
1730
1660
1696
1576
1700
1432
1678
1520
1730
1664
1724
1840
1635
1720
1916
1833
1958
2012
1900
2035
1964
2060
1894
1929
1856
1880
1874
1994
1860
2084
1948
1968
2037
2020
2092
1974
2100
2104
2022
1998
1900
2132
2040
2096
2123
2176
2040
2084
2099
2114
2052
2066
2220
2100
2136
2232
2112
2240
2386
2254
2336
2233
2308
2248
2272
2168
2144
2304
2282
2368
2416
2354
2528
2436
1800
2400
2368
2332
2234
2304
2278
2312
2252
2387
2298
2227
2360
2208
2222
2304
2304
2288
2355
2208
2084
2387
2156
2284
2214
2274
2158
2275
2208
1846
2248
2160
2256
2304
2308
2372
2241
2268
2240
2228
2274
2272
2320
2260
2324
2194
2244
2204
2096
2172
2224
2246
2212
2152
2112
2196
2176
2035
1993
2088
1992
2194
2132
2134
2084
2064
2020
1960
2056
1956
2102
1922
1988
2012
2032
1896
1800
1890
1950
2016
1944
1924
1960
1926
1920
1940
1984
1892
1952
1968
1876
1980
1840
1888
1904
1912
1914
1908
1402
1746
1884
1833
1836
1752
1694
1740
1697
1643
1329
1656
1712
1640
1672
1692
1486
1528
1648
1638
1086
1600
1586
1569
1600
1637
1539
1656
1654
1504
1603
1536
1502
1445
1596
1566
1600
1484
1528
1598
1473
1475
1515
1538
1510
1557
1500
1504
1528
1573
1577
1545
1484
1564
1568
1571
1584
1636
1504
1484
1536
1395
1494
1520
1498
1457
1510
1526
1420
1448
1452
1480
1452
1390
1464
1442
1456
1416
1496
1460
1422
1510
1436
1494
1472
1464
1466
1408
1356
1428
1498
1433
1444
1425
1440
1483
1529
1507
1496
1504
1491
1488
1433
1568
1436
1510
1398
1463
1468
1512
1476
1438
1472
1484
1430
1496
1374
1474
1412
1442
1427
1438
1286
1425
1481
1420
1351
1468
1400
1444
1477
1436
1430
1392
1458
1440
1518
1444
1458
1443
1416
1448
1478
1444
1449
1452
1308
1354
1404
959
1464
1426
1452
1404
1404
1416
1408
1432
1404
989
1384
1441
1392
1436
1366
1376
1408
1422
1417
905
1410
1348
1436
1396
1248
1320
1369
1363
1396
1324
1416
1408
1433
1348
1357
1360
1400
1387
1345
1376
1368
1369
1380
1414
1392
1376
1433
1344
1420
1410
1358
1355
1388
1239
1376
1292
1322
1287
1380
1389
1373
1400
1312
1414
1371
1419
1408
1415
1376
1392
1430
1386
1352
1442
1379
1438
1324
1447
1392
1342
1358
1328
1400
1374
1394
1387
1316
1302
1401
1340
1404
1280
1452
1382
1398
1415
1414
1376
1404
1286
1265
1318
1300
1274
1261
1292
1280
1324
987
1392
1224
1328
1288
1283
1309
1296
1324
1428
1340
1417
1465
1464
1432
1432
1536
1530
1478
1412
1358
1353
1290
1424
1342
1396
1347
1385
1328
1404
1366
1347
1377
1398
1390
1341
1274
1390
1472
1408
1388
1326
1354
1342
1390
1378
1426
1394
1354
1426
1408
1368
1389
1360
1428
1395
1372
1388
1422
1346
1273
1289
1233
1202
1370
1276
1396
1377
1354
890
1500
1479
1448
1456
1390
1466
1464
1412
1276
1356
1361
1390
1370
1237
1348
1294
1344
1336
1310
1356
1379
1344
1382
1341
1408
1408
1372
1381
1364
1440
1460
1316
1440
1392
1274
1315
1288
1109
885
1392
1400
1430
1382
1390
1436
1426
1459
1356
1264
1264
1344
1374
1346
1360
1377
1426
1340
1392
1384
1344
1368
1413
1376
1378
1416
1328
1404
1320
1377
1360
1392
1360
1378
1344
1288
1260
1362
1390
1358
1408
1345
1352
1388
1380
1372
1344
1308
1330
1364
1334
1368
1408
1385
1394
1428
1444
1384
1332
1364
1340
1320
1340
1395
1325
1336
1167
1355
1304
1329
1315
1346
1402
1390
1328
1403
1396
1344
1348
1428
1408
1362
1381
1388
1425
1280
1276
1303
1382
1372
1357
1396
1376
1369
1339
1371
1348
1364
1374
1388
1400
1320
1348
1384
1384
1340
1340
1361
1321
1430
1382
1347
1360
1402
1362
1400
1336
1394
1324
1402
1397
1344
1356
1396
1216
1364
1240
1322
1394
1372
1404
1390
1365
1338
1363
1373
1384
1381
1429
1371
1361
1386
1370
1276
1362
1438
1326
1324
1336
1360
1360
1412
1354
1329
1400
1404
1344
1317
1295
1376
1383
1349
1398
1360
1474
1418
1371
1392
1365
1357
1395
1346
1441
1353
1372
1380
1344
1354
1294
1348
1350
1307
1244
1376
1394
1380
1376
1418
1360
1411
1394
1336
1436
1424
1432
1392
1424
1340
1380
1408
1380
1360
1404
1384
1318
1458
1331
1353
1308
1330
1370
1492
1326
1377
1282
1380
1280
1338
1384
1411
1292
1412
1419
1456
1382
1376
1451
1426
1384
1396
1387
1348
1436
1367
1340
1346
1363
1387
1336
1184
1337
1266
1305
1328
1394
1384
1406
1366
1435
1418
1433
1420
1408
1376
1438
1402
1340
1428
1349
1349
1360
1390
1359
1324
1329
1248
1232
1364
1349
1308
1313
1201
1380
1374
1420
1366
1484
1388
1383
1346
1468
1435
1418
1465
1408
1398
1432
1420
1386
1347
1356
1371
1358
1305
1361
1386
1349
1240
1264
1392
1322
1371
1414
1394
1396
1382
906
1320
1392
1436
1382
1359
1328
1434
1392
1352
1312
1344
1366
1380
1240
1324
1416
1398
1320
1392
1380
1414
1398
1377
1328
1384
1392
1337
1370
1314
1391
1360
1460
1316
1459
1368
1408
1229
1320
914
1363
1378
1474
1358
1417
1398
1436
1408
1271
1382
1318
1292
1388
1398
1401
1436
1373
1415
1424
1266
1382
1365
1319
1322
1324
1382
1443
1332
1321
1389
1356
1364
1340
1312
1390
1344
1393
1390
1368
1379
1386
1356
1396
1372
1387
1382
1380
1310
1412
1376
1394
1396
1367
1384
1376
1338
1408
1330
1348
1356
1390
1348
1444
1335
1392
1360
1251
1358
1331
1326
1384
1312
1378
1360
1426
1390
1421
1359
1456
1401
1392
1360
1382
1319
1276
1336
1340
1436
1380
1392
1347
1354
1366
1341
1401
1408
1385
1409
1382
1408
1376
1368
1360
1286
1348
1354
1440
1397
1354
1396
1280
1322
1416
1358
1496
1349
1345
1362
1398
1321
1416
1276
1461
1438
1312
1322
1380
967
1366
1352
1310
1380
1435
1350
1420
1422
1450
1384
1416
1363
1344
1412
1390
1372
1376
1369
1364
1367
1380
1322
1380
1372
1352
1379
1392
1412
1318
1368
1369
1289
1424
1306
1394
1328
1368
1328
1363
1340
1378
1358
1314
1328
1430
1337
1372
1364
1344
1356
1303
1329
1409
1281
1344
1356
1336
1340
917
1387
1404
1329
1461
1376
1401
1346
1434
1403
1344
1388
1369
1364
1344
1334
1339
1338
1408
1346
1368
1336
1386
1360
1376
1380
1420
1412
1414
1405
1400
1392
1368
1358
1352
1392
1432
1425
1414
1344
1349
1398
1344
1320
1360
1367
1387
1356
1413
1388
1384
1330
1428
1246
1389
1368
1333
1338
1432
1366
1408
1366
1369
1404
1472
1382
1360
1348
1417
1360
1362
1353
1401
1353
1356
1261
1354
1363
1324
1376
1338
1318
1392
1398
1468
1402
1340
1325
1376
1319
1356
1377
1333
1336
1416
1328
1352
1300
1456
1352
1380
1284
1368
1368
1360
1381
1334
1296
1359
1355
1356
1285
1344
1276
1376
1314
1378
1361
1430
1380
1366
1386
1428
1400
1434
1468
1384
1386
1412
1292
1345
1321
1393
1374
1334
1352
1372
1348
1365
1360
1448
1328
1457
1376
1372
1403
1416
1341
1398
1356
1340
1384
1379
1370
1353
1308
1416
1457
1414
1300
1408
1392
1325
1349
1370
1380
1380
1412
1300
1324
1390
1388
1388
1384
1392
1351
1326
1320
1366
1396
1422
1330
1276
1331
1358
1315
1379
1372
1448
1312
1384
1428
1344
1320
1348
1363
1408
1388
1366
1344
1422
1376
1376
1344
1413
1348
1401
1363
1376
1392
1353
1330
1382
1324
1366
1372
1313
1368
1376
1402
1448
1388
1379
1354
1432
1248
1371
1206
1369
1380
1408
1391
1361
1328
1378
1318
1434
1321
1418
1435
1381
1338
1404
1400
1421
1363
1409
1376
1432
1358
1440
1436
1465
1440
1478
1531
1475
940
1440
1414
1432
1441
1408
1398
1468
1426
1440
1380
1422
1456
1468
1400
1473
1418
1438
1370
1446
1484
1424
1362
1422
1378
1395
1312
1420
1376
982
1440
1472
1450
1498
1344
1478
1386
1516
1441
988
1413
1460
1430
1472
1380
1416
1340
1428
1395
881
1473
1444
1472
1404
1458
1388
1456
1400
1476
1442
1450
1462
1384
1440
1396
1548
1396
1496
1410
1464
1410
1456
1454
1478
1394
1394
1363
1453
1401
1488
1437
1432
1444
1468
1280
1441
1305
1402
1384
1438
1360
1437
1472
1404
1362
1422
1345
1458
1447
1467
1465
1428
1410
1488
1448
1422
1342
1457
1357
1421
1409
1395
1412
1452
1366
1443
1293
960
1433
1363
1442
1382
1411
1409
1380
1396
1360
1412
1378
1480
1389
1504
1388
1488
1376
1441
1399
1480
1427
1460
1454
1338
1328
1432
1364
1392
920
1416
1416
1460
1434
1388
1372
1472
1442
1472
1446
1462
1421
1511
1456
1417
1392
1448
1465
1481
1396
1480
1392
1388
1388
1537
1392
1436
1416
1497
1368
1536
1414
1500
1452
1486
1392
1456
1348
1505
1378
1452
1448
1508
1426
1467
1386
1456
1374
1351
1424
1487
1422
1507
1353
1434
1400
1432
1280
1420
1504
1476
1364
1409
1420
1456
1332
1422
1434
1458
1478
1478
1490
1472
1426
1448
1485
1536
1502
1486
1440
1492
1501
1454
1513
1518
1473
1492
1578
1491
1436
1426
1352
1432
1345
1430
1356
1438
1497
1408
1376
1428
1344
1524
1434
1408
1454
1504
1440
1472
1472
1478
1357
1409
1490
1544
1536
1495
1488
1536
1494
1515
1465
1382
1484
1462
1448
1472
1436
1241
1488
1510
1497
1511
1532
1488
1465
1510
1532
1648
1557
1756
1568
1664
1646
1680
1680
1812
1740
1677
1686
1792
1678
1752
1612
1634
1694
1692
1692
1848
1892
1888
1747
1739
1804
1916
1804
1882
1768
1924
1682
1932
1812
1824
1932
2016
1972
2035
1946
1916
1896
2050
2040
2022
1890
2028
1990
2008
1992
1984
1920
1957
2016
2024
2004
1994
1990
2048
1623
1932
1976
1781
1900
1904
1984
1992
1993
1936
1890
2030
2052
1968
1968
1964
2020
1931
1844
1950
1936
2012
2062
1908
1984
2178
2000
2066
2024
2068
1812
1968
1968
2020
2010
2024
2096
2080
2032
1996
2010
2082
1969
2042
1936
1932
1996
1920
2008
1944
1952
2012
1941
2003
1832
2012
1953
1952
1912
1872
1830
1820
1912
1874
1916
1912
1804
1878
1860
1813
1865
1851
1798
1859
1758
1764
1776
1813
1848
1772
1752
1659
1692
1704
1690
1784
1856
1688
1672
1692
1662
1666
1610
1568
1656
1735
1692
1691
1682
1610
1632
1684
1675
1634
1554
1604
1568
1635
1649
1704
1648
1632
1700
1634
1625
1747
1638
1614
1636
1610
1554
1516
1552
1509
1544
1509
1546
1582
1372
1440
1486
1544
1436
1436
1504
1552
1571
1481
1516
1562
1488
1553
1555
1518
1524
1382
1395
1505
1530
1452
1437
1584
1372
1516
1468
1540
1473
1488
1452
1489
1416
1564
1452
1494
1478
1513
1381
1436
1472
1446
1436
1440
1480
1462
1392
1479
1404
1440
1390
1442
1454
1442
1416
1516
1450
1378
1370
1396
1400
1351
1412
1404
1368
1475
1416
1386
1415
1442
1376
1450
1402
1426
1396
1314
1260
1280
1340
1384
1388
1394
1365
1353
1424
1424
1376
1385
1416
1398
1312
1379
1401
1412
1344
1388
1353
1404
1357
1430
1373
1350
1374
1462
1299
1404
1458
1478
1425
1360
1306
1388
1326
1358
1365
1408
1369
1288
1359
1382
1328
1352
1362
1399
1384
1380
1426
1384
1454
1254
1361
1416
1401
1323
1387
1321
1299
1378
1365
1384
1331
1362
1402
1387
1398
1440
1389
1443
1404
1304
1392
1320
1372
1428
1354
1379
1366
1346
1349
1356
1400
1369
1323
1348
1342
1304
1368
1392
1380
1368
1392
1376
1400
1408
1360
1402
1325
1404
1426
1330
1380
1400
1350
1447
1372
1340
1351
1382
1369
1352
1262
1310
1293
1358
1356
1395
1380
1348
1288
1345
1384
1400
1288
1384
1368
1364
1404
1410
1456
1358
1329
1346
1294
1364
1381
1422
1325
1398
1346
1350
1346
1360
1336
1368
1328
1386
1370
1356
1362
1332
1380
1354
1328
1404
1390
1409
1328
1334
1346
1420
1287
1382
1416
1454
1372
1448
1380
1340
1283
1428
1344
1312
1402
1352
1392
1372
1302
1332
1312
1309
1348
1411
1350
1318
1324
1330
1304
1374
1363
1436
1376
1428
1382
1340
1367
1392
1392
1422
1360
1376
1353
1372
1339
1398
1331
1448
1307
1396
1331
1339
1368
1346
1365
1396
1308
1408
1317
1408
1344
1336
1374
1457
1353
1410
1429
1383
1265
1337
1302
1321
1293
1384
1387
1441
1310
1368
1284
1392
1356
1376
1385
1369
1384
1369
1409
1329
1393
1336
1331
1398
1311
1432
1390
1472
1364
1430
1312
1416
1392
1385
1350
1348
1390
1366
1420
1390
1275
1336
1356
1392
1300
1370
1356
1344
1304
1328
1376
1370
1386
1449
1339
1386
1366
1352
1298
1342
1352
1427
1347
1395
1345
1328
1350
1376
1344
1368
1304
1376
1413
1358
1360
1368
1429
1404
1334
1304
1385
1427
1328
1422
1336
1376
1340
1379
1383
1352
1191
1332
1360
1342
1403
1308
1336
1356
1328
1328
1340
1408
1334
1388
1264
1422
1331
1324
1332
1392
1376
1324
1402
1410
1376
1312
1388
1357
1348
1374
1334
1429
1411
1324
1379
1378
1334
1352
1363
1392
1280
1394
1344
1398
1388
1374
1336
1308
1294
1403
1377
1366
1334
1410
1356
1353
1358
1409
1339
1432
1395
1364
1328
1392
1427
1376
1320
1382
1389
1326
1315
1373
1356
1352
1356
1340
1362
1312
1338
1401
1388
1386
1362
1295
1394
1329
1342
1395
1348
1377
1364
1439
1320
1420
1376
1433
1368
1387
1409
1384
1366
1387
1332
1435
1384
1341
1376
1395
1372
1370
1315
1414
1304
1437
1340
1408
1358
1374
1352
1450
1370
1430
1368
1416
1359
1340
1288
1344
1344
1394
1361
1424
1340
1400
1372
1354
1377
1402
1352
1360
1350
1300
1320
1368
1297
1372
1336
1384
1408
1284
1420
1398
1413
1382
1378
1380
1408
1378
1404
1364
1345
1399
1251
1362
1301
1371
1323
1408
1336
1368
1352
1416
1368
1382
1392
1352
1408
1368
1353
1386
1330
1394
1351
1414
1386
1352
1404
1325
1310
1389
1322
1416
1376
1356
1384
1393
1326
1400
1281
1436
1360
1268
1324
1380
1385
1388
1385
1360
1368
1372
1315
1366
1408
1386
1363
1438
1353
1376
1356
1328
1273
1321
1304
1406
1366
1374
1398
1397
1335
1404
1346
1448
1311
1395
1326
1282
1360
1386
1386
1389
1360
1433
1328
1347
1336
1380
1352
1388
1308
1388
1328
1410
1388
1368
1356
1348
1306
1334
1380
1298
1382
1376
1350
1418
1393
1411
1393
1428
1331
1446
1344
1412
1378
1408
1345
1401
1369
1342
1310
1432
1324
1416
1326
1387
1340
1416
1355
1449
1297
1292
1328
1376
1394
1356
1366
1395
1333
1392
1344
1356
1322
1411
1334
1395
1316
1428
1460
1322
1316
1350
1312
1408
1388
1368
1264
1338
1394
1286
1370
1379
1397
1361
1312
1424
1382
1358
1346
1334
1344
1415
1396
1352
1329
1298
1368
1324
1362
1416
1378
1366
1384
1428
1385
1396
1312
1334
1339
1392
1025
1345
1376
1462
1368
1422
1386
1449
1435
1424
1442
1345
1449
1462
1392
1436
1401
1452
1400
1440
1324
1446
1288
1314
1388
1339
1304
1464
1437
1408
1437
1476
1376
1456
1432
1480
1440
1472
1460
1456
1484
1416
1360
1452
1496
1398
1381
1395
1435
1400
1416
1488
1444
1466
1392
1470
1417
1428
1372
1472
1384
1444
1348
1496
1352
1410
1442
1451
1364
1478
1368
1524
1418
1446
1382
1438
1504
1368
1425
1508
1478
1369
1392
1398
1417
1392
1475
1452
1433
1434
1416
1444
1432
1464
1484
1438
1441
1432
1416
1458
1446
1436
1440
1430
1416
1462
1458
1444
1464
1444
1456
1464
1467
1400
1414
1456
1431
1453
1416
1483
1424
1456
1392
1432
1442
1390
1384
1472
1468
1472
1408
1414
1498
1400
1445
1472
1500
1427
1444
1384
1412
1428
1468
1400
1376
1464
1438
1368
1433
932
1409
1435
1436
1416
1468
1416
1468
1514
1404
928
1440
1498
1428
1496
1432
1400
1484
1440
1512
880
1408
1420
1432
1435
1408
1456
1436
1428
1400
1385
1412
1408
1464
1484
1417
1411
1512
1380
1459
956
1460
1460
1436
1424
1489
1410
1476
1372
1456
960
1381
1383
1450
1492
1516
1402
1454
1412
1432
953
1464
1448
1466
1397
1449
1453
1496
1502
1486
943
1472
1411
1488
1482
1436
1475
1428
1446
1452
1432
1420
1415
1438
1428
1476
1464
1450
1432
1464
1474
1440
1506
1408
1486
1452
1415
1452
1462
1451
1410
1360
1415
1424
1366
1348
1364
1432
1372
1404
1360
1347
1348
1438
1326
1374
1384
1337
1356
1377
1376
1374
1363
1434
1378
1377
1408
1452
1414
1384
1376
1424
1365
1410
1454
1416
1448
1424
1434
1356
1354
1379
1420
1392
1372
1360
1355
1396
1344
1396
1394
1372
1394
1382
1409
1408
1376
1408
1380
1412
1382
1423
1448
1408
1351
1340
1404
1371
1355
1383
1431
1430
1384
1381
1366
1408
1356
1418
1371
1328
1320
1370
1372
1417
1376
1408
1368
1392
1332
1420
1450
1408
1425
1348
1393
1366
1376
1380
1398
1359
1369
1408
1339
1364
1386
1368
1382
1376
1370
1408
1433
1378
1324
1372
1436
1396
1362
1334
1376
1362
1324
1427
1364
1378
1368
1316
1392
1408
1355
1460
1408
1462
1408
1434
1372
1363
1385
1382
1353
1309
1408
1376
1376
1364
1312
1408
1417
1364
1352
1392
1411
1420
1360
1420
1438
1424
1417
1436
1444
1422
1402
1350
1468
1409
1322
1360
1404
1318
1360
1313
1368
1368
1397
1443
1368
1424
1445
1344
1400
1314
1296
1331
1372
1362
1361
1394
1354
1376
1398
1369
1355
1328
1368
1396
1428
1460
1337
1357
1448
1356
1340
1392
1382
1339
1372
1438
1412
1361
1376
1364
1351
1430
1408
1364
1444
1422
1418
1468
1422
1388
1378
1390
1399
1408
1411
1355
1364
1328
1380
1369
1400
1332
1373
1281
1336
1379
1394
1350
1390
1368
1356
1302
1402
1450
1417
1383
1344
1456
1384
1414
1358
1474
1378
1413
1430
1416
1361
1412
1363
1402
1346
1380
1376
1344
1260
1302
1338
1328
1385
1336
1428
1464
1344
1425
1478
1396
1398
1438
1350
1354
1379
1408
1322
1368
1396
1376
1356
1366
1350
1363
1385
1312
1321
1428
1354
1270
1284
1357
1414
1404
1392
1418
1492
1460
1450
1321
1320
1440
958
1312
1350
1424
1353
1360
1392
1384
1400
1379
1395
1366
1313
1376
1373
1394
1328
1426
1315
1415
1390
1410
1384
1368
1381
1312
1376
1394
1388
1397
1396
1396
1396
1351
1392
1412
1367
1388
1344
1408
1351
1396
1388
1278
1382
1388
1290
1434
1436
1419
1368
1355
1371
1387
1388
1336
1364
1371
1338
1338
1359
1352
1370
1376
1363
1408
1424
1344
1272
1367
1428
1384
1392
1376
1348
1383
1422
1344
1452
1426
1376
1372
1346
1344
1392
1422
1416
1356
1408
1416
1404
1360
1380
1372
1424
1340
1386
1408
1355
1393
1376
1402
1322
1386
1404
1417
1334
1488
1416
1384
1368
1340
1378
1437
1380
1368
1376
1358
1256
1378
1354
1368
1361
1323
1361
1424
1408
1397
1376
1347
1346
1397
1404
1384
1368
1396
1428
1427
1415
1395
1369
1388
1357
1356
1430
1389
1414
1380
1416
1372
1353
1352
1337
1370
1387
1388
1362
1315
1428
1396
1282
1382
1420
1393
1340
1363
1408
1408
1404
1438
1404
1393
1402
1360
1380
1361
1374
1410
1344
1392
1448
1444
1379
1380
1396
1408
1388
1392
1336
1423
1422
1372
1394
1452
1395
1388
1440
1422
1394
1445
1374
1398
1400
1414
1388
1392
1388
1393
1408
1374
1410
1362
1396
1372
1416
1373
1432
1296
1410
1351
1379
1354
1374
1384
1436
1459
1370
1362
1372
1412
1420
1362
1385
1353
1380
1382
1372
1408
1390
1424
1371
1376
1374
1363
1329
1376
1352
1332
1408
1388
1376
1366
1416
1385
1376
1352
1435
1472
1414
1388
1342
1306
1424
1384
1425
1366
1404
1347
1403
1377
1372
1424
1377
1388
1358
1337
1345
1296
1344
1380
1369
1400
1404
1330
1434
1356
1385
1371
1370
1352
1408
1410
1418
1268
1388
1384
1366
1401
1376
1421
1373
1342
1401
1372
1401
1428
1368
1384
1364
1440
1434
1348
1384
1384
1392
1400
1381
1448
1462
1452
1458
1448
1480
1420
1448
1434
1442
1380
1399
1464
1454
1463
1427
1324
1394
1440
1416
1369
1434
1445
1459
1414
1500
1372
1392
1442
1544
1522
1456
1516
1413
1553
1496
1507
1500
1568
1600
1438
1568
1516
1495
1524
1412
1485
1496
1582
1491
1463
1516
1592
1660
1678
1576
1511
1569
1600
1556
1452
1512
1504
1492
1594
1529
1633
1589
1632
1632
1591
1584
1566
1617
1537
1654
