- Jet Lab
- Date: 2022-12-01 18:29:19
- Step: 3500 motor steps
1343
1656
1540
1592
1665
1620
1678
1706
1732
1680
1672
1558
1675
1730
1722
1644
1630
1722
1741
1598
1611
1880
1742
1752
1818
1862
1760
1824
1698
1820
1920
1906
1756
1690
1821
1978
1900
1968
1892
1880
1880
1984
1930
2026
1955
1916
1904
1769
1876
1906
2032
2002
1996
1986
1984
1969
2080
1968
1984
1980
2136
2104
2080
2008
1932
1896
2040
2112
1974
1977
1984
2068
1968
1890
2056
1928
1979
2019
1990
1954
2022
1392
1992
1872
1899
1774
1920
1818
1985
1926
1922
1484
1920
1848
2036
1888
1996
1880
1992
1859
1814
1952
1924
1936
1908
2032
1828
1846
1906
1704
1635
1724
1898
1980
1857
1952
1878
1980
1830
1920
1486
1944
1808
1765
1868
1860
1850
1889
1920
1857
1920
1760
1792
1795
1827
1922
1872
1864
1960
1786
1886
1928
1832
1805
1852
1824
1804
1844
1802
1830
1856
1850
1832
1816
1774
1825
1864
1734
1762
1728
1776
1786
1798
1728
1816
1872
1728
1712
1760
1750
1731
1668
1773
1750
1728
1758
1662
1570
1624
1714
1648
1746
1674
1660
1664
1684
1676
1622
1571
1652
1601
1686
1600
1600
1728
1780
1672
1674
1696
1715
1603
1575
1604
1764
1760
1674
1708
1811
1744
1763
1681
1656
1612
1600
1670
1664
1747
1648
1684
1680
1690
1578
1736
1620
1632
1664
1609
1637
1712
1648
1669
1650
1625
1649
1572
1564
1632
1632
1606
1584
1566
1492
1489
1536
1590
1600
1546
1558
1702
1568
1564
1550
1688
1596
1552
1612
1588
1621
1632
1424
1472
1478
1528
1508
1486
1528
1448
1494
949
1521
1440
1490
1528
1472
1426
1512
1486
1539
1486
1492
1512
1520
1570
1530
1556
1496
1492
1545
1025
1392
1408
1342
1377
1440
1452
1504
1408
1500
953
1331
1452
1454
1478
1532
1507
1473
1436
1424
1493
1462
1474
1459
1460
1520
1566
1454
1416
1401
1484
1498
1434
1480
1434
1385
1441
1465
1392
1412
1484
1520
1472
1460
1454
1528
1416
1480
1392
1474
1520
1473
1456
1436
1415
1462
1488
1418
1478
984
1414
1420
1472
1435
1424
1378
1448
1408
1496
940
1448
1432
1412
1384
1456
1315
1466
1428
896
1466
1432
1429
1412
1440
1368
1412
1408
1400
1392
1424
1388
1374
1286
1383
1272
1430
1482
1472
1244
1435
1500
1440
1400
1446
1473
1428
1500
1380
1392
1448
1452
1413
1418
1508
1392
1402
1448
1461
1409
1494
1487
1424
1408
1427
1448
1414
1302
1458
1544
1476
1312
1430
1382
1401
1468
1408
1472
1438
1432
1432
1408
1456
1417
1424
1280
1379
1414
1466
1434
1484
1425
1420
1426
1418
1440
1440
1460
1452
1472
1434
1436
1430
1433
1496
1438
1487
1380
1432
1484
1426
1444
1468
1456
1468
1392
1476
1416
1502
1425
1412
1443
1393
1376
1376
1400
1456
1368
1408
1360
1432
1396
1384
1414
1348
1360
1380
1337
1427
1401
1324
1381
1384
1320
1378
1394
1329
1310
1370
1292
1249
1368
1388
1288
1391
1355
1354
1408
928
1518
1448
1413
1413
1494
1430
1540
1440
1514
1404
1448
1516
1437
1454
1540
1494
1530
1494
1466
1500
1464
1488
1520
1430
1458
1468
1498
1544
1492
1488
1457
1452
1460
1473
1528
1552
1450
1416
1538
1456
1496
1422
1392
1456
1440
1464
1512
1505
1464
1440
1464
1486
1417
1484
1464
1454
1486
1417
1530
1424
1433
1482
1479
1523
1520
1468
1442
1504
986
1376
1376
1384
1328
1382
1305
1353
1372
1374
1376
1444
1392
1358
1336
1393
1328
1382
1352
1388
1344
1320
1316
1353
1354
1388
1423
1360
1316
1505
1390
1453
1234
1240
1358
1351
1372
1312
1352
1332
1396
1325
1360
1409
1410
1308
1438
1424
1408
1410
1337
1380
1398
1380
1348
1459
1408
1384
1411
1358
1360
1312
1433
1411
1418
1416
1408
1400
1377
1360
1422
1356
1382
1404
1318
1376
1374
1298
1304
1355
1324
1408
1377
1428
1386
1404
1352
1354
1394
1360
1243
1356
1246
1339
1356
1409
1338
1274
1447
1360
1412
1429
1428
1372
1344
1379
1459
1373
1386
1356
1356
1236
1338
1332
1438
1400
1392
1335
1352
1344
1368
1344
1377
1358
1320
1369
1398
1392
1386
1354
1241
1392
1323
1380
1352
1340
1284
1420
1384
1380
1400
1362
1314
1424
1344
1420
1385
1416
1309
1374
1298
1377
1379
1368
1276
1296
1377
1366
1373
1404
1402
1332
1383
1353
1415
1390
1376
1426
1352
1398
1400
1338
1334
1368
1360
1347
1376
1438
1358
1384
1360
1374
1368
1305
1384
1376
1385
1382
1398
1351
1380
1370
1438
1376
1368
1392
1390
1372
1383
1360
1369
1452
1398
1408
1306
1254
1273
1346
1364
1326
1386
1351
1352
1336
1339
1344
1333
1416
1317
1402
1409
1371
1417
1392
1429
1403
1404
1370
1372
1414
1400
1436
1353
1388
1376
1368
1379
1372
1385
1308
1396
1329
1331
1372
1285
1336
1390
1376
1357
1416
1329
1346
1428
1376
1358
1404
1353
1365
1362
1392
1385
1410
1383
1229
1364
1340
1350
1340
1327
1371
1375
1424
1358
1296
1351
1404
1359
1424
1400
1351
1368
1467
1310
1334
1377
1382
1416
1390
1430
1319
1376
1322
1338
1394
1372
1348
1369
1348
1404
1436
1416
1424
1444
1376
1370
1332
1360
1422
1334
1408
1372
1350
1356
1320
1412
1382
1389
1360
1332
1390
952
1312
1303
1364
1395
1430
1378
931
1475
1416
1341
1443
1400
1409
1392
1475
1344
1368
1416
1353
1377
1317
1393
1358
1337
1361
1329
1436
1408
1395
1302
1382
1370
1452
1332
1368
1344
1346
1417
1380
1313
1408
1312
1385
1379
1400
1370
1392
1336
1360
1374
1345
1436
1472
1332
1420
1416
1351
1216
1309
1280
1404
1376
1369
1331
1338
1384
1408
1378
1433
1376
1434
1329
1376
1408
1390
901
1374
1302
1348
1313
1378
1300
1446
1336
1364
1347
1368
1413
1356
1332
1432
1376
1344
1255
1353
1288
1446
1350
1388
1316
1396
1364
1349
1364
1390
1286
1363
1376
1373
1331
1404
1332
1421
1378
1305
1275
1260
1362
1339
1395
1408
1222
1412
1413
1420
1412
1364
1372
1432
1351
1379
1362
1448
1383
1380
1320
1418
1339
1352
1460
1360
1368
1460
1401
1404
1336
1266
1302
1380
1356
1315
1304
1209
1283
902
1432
1500
1438
1440
1425
1488
1491
1496
1523
1464
1468
1486
1425
1405
1393
1492
1498
1392
1464
1427
1426
1496
1454
1459
1344
1478
1428
1500
1440
1490
1466
1472
1450
1488
1446
1529
1484
1414
1432
1510
1448
1520
1422
1394
1400
1548
1424
1490
1472
1450
1440
1540
1448
1500
1432
1500
1479
1560
1473
1528
1424
1374
1408
1516
1426
1465
1462
1500
991
1353
1300
1410
1360
1344
1403
1328
1304
1381
1382
1382
1320
1425
1304
1400
1404
1420
1312
1376
1363
1360
1408
1384
1360
1410
1405
1338
1280
1358
1433
1412
1360
1385
1396
1380
1358
1380
1317
1360
1380
1415
1347
1369
1416
1398
1377
1410
1388
1370
1292
1378
1338
1381
1362
1394
1396
1392
1385
1428
1300
1368
1306
1392
1335
1280
1396
1280
1358
1368
1426
1433
1278
1312
1302
1352
1348
1315
1378
1388
1379
1403
1256
1388
1320
1472
1352
1393
1360
1372
1364
1292
1352
1438
1344
1412
1390
1408
1403
1333
1330
1358
1368
1432
1420
1356
1304
1398
1346
1360
1282
1452
1424
1336
1427
1340
1346
1408
1362
1376
1372
1411
1360
1299
1280
1430
1401
1339
1360
1361
1276
1402
1298
1341
1408
1440
1344
1408
1387
1395
1396
1352
1378
1364
1368
1400
1334
1458
1368
1405
1392
1411
1365
1372
1350
1352
1380
1408
1317
1382
1354
1336
1384
1367
1440
1356
1372
1404
1368
1291
1320
1412
1369
1415
1276
1364
1281
1452
1345
1416
1322
1284
1290
1332
1360
1323
1226
1370
1264
1414
1321
1380
1326
1400
1364
1377
1356
1360
1316
1402
1324
1396
1354
1408
1308
1388
1334
1398
1332
1362
1358
1344
1370
1438
1449
1374
1372
1404
1370
1358
1393
1416
1368
1385
1356
1337
1305
1448
1338
1356
1341
1372
1400
1423
1376
1376
1399
1360
1191
1371
1327
1408
1346
1440
1310
1372
1321
1396
1360
1416
1391
1380
1368
1344
1368
1412
1447
1368
1376
1414
1340
1354
1371
1414
1355
1389
1319
1478
1387
1320
1334
1400
1428
1412
1385
1288
1408
1424
1411
1451
1352
1353
1305
1394
1258
1391
1346
1425
1314
1408
1384
1393
1414
1354
1367
1390
1323
1416
1376
1414
1382
1394
1346
1316
1288
1340
1392
1368
1454
1388
1377
1420
1376
1396
1400
1419
1360
1404
1356
1442
1396
1418
1364
1408
1330
1392
1374
982
1380
1441
1387
1422
1432
1477
1380
1432
1440
1464
1440
1544
1450
1417
1440
1486
1408
1456
1400
1444
1465
1506
1452
1522
1494
1505
1331
1498
1415
1504
1542
1480
1404
1511
1446
1564
1506
1420
955
1500
1536
1540
1523
1524
1526
1578
1462
1476
1568
1512
1489
1548
1452
1523
1476
1448
1499
1584
1472
1474
1432
1482
1526
1588
1476
1507
1532
1558
1461
1560
1540
1482
1480
1540
1577
1571
1516
1542
1464
1540
1549
1584
1594
1602
1504
1536
1476
1486
1538
1594
1558
1632
1600
1520
1480
1541
1510
1646
1595
1564
1522
1576
1574
1552
1584
1600
1575
1580
1624
1579
1574
1619
1600
1600
1556
1608
1566
1095
1588
1628
1510
1590
1491
1596
1584
1718
1596
1748
1664
1660
1644
1668
1617
1632
1704
1712
1666
1716
1649
1744
1651
1696
1606
1640
1700
1738
1736
1820
1692
1674
1624
1700
1692
1840
1696
1780
1770
1736
1769
1816
1714
1680
1723
1700
1778
1772
1752
1708
1676
1679
1816
1840
1712
1680
1664
1782
1740
1660
1688
1768
1732
1793
1728
1740
1824
1852
1811
1808
1848
1816
1825
1856
1884
1848
1784
1950
1553
1833
1913
1936
1779
1912
1838
1985
1868
1952
1482
1960
1856
1929
1866
2081
2004
2061
1946
2016
1936
1994
1912
1908
1884
1920
1834
1888
1958
1880
1944
2064
1952
1915
1550
1822
1856
1922
1984
1436
1964
1892
1984
2020
2004
2026
1934
1984
1912
1458
1838
1990
1846
1830
1932
1968
2028
1954
1948
1460
1776
1807
1910
1938
1914
1720
1928
1878
1960
1842
1864
1832
1928
1880
1912
1854
1872
1851
1916
1886
1880
1874
1808
1792
1847
1820
1928
1898
1863
1810
1832
1836
1859
1863
1812
1836
1836
1821
1704
1808
1800
1776
1752
1816
1721
1872
1839
1752
1764
1810
1776
1780
1744
1696
1647
1792
1759
1778
1792
1682
1660
1709
1710
1686
1640
1680
1722
1775
1313
1795
1718
1656
1704
1718
1596
1666
1624
1734
1698
1716
1581
1590
1624
1709
1630
1675
1542
1540
1556
1584
1542
1618
1639
1693
1613
1624
1556
1562
1624
1597
1530
1497
1576
1616
1524
1576
1588
1636
1531
1574
1506
1576
1450
1558
1548
1626
1432
1448
1515
1536
1548
1612
1475
1505
1478
1464
1373
1553
1445
1520
1520
1494
1426
1504
1478
1489
1432
1604
1544
1481
1500
1530
1446
1474
1436
1480
1504
1492
1448
1522
1526
1484
1541
1522
1502
1456
1558
1362
1404
1359
1462
1456
1417
1397
1474
1530
1448
1420
1420
1456
1362
1440
1448
1467
1382
1318
1344
1412
1395
1395
1444
1472
1412
1400
1426
1467
1384
1422
1277
1426
1312
1436
1394
1336
1351
1370
1368
1460
1392
1405
1305
1352
1408
1404
1361
1401
1417
1376
1383
1440
1312
1435
1416
1356
1380
1358
1411
1418
1305
1314
1314
1318
1367
1368
1340
1396
1388
1353
1366
1456
1380
1419
1345
1221
1316
1384
1350
1446
1396
1422
1408
1364
1380
1416
1350
1394
1370
1368
1374
1434
1354
1398
1386
1363
1352
1382
1312
1398
1304
1404
1353
1418
1403
1393
1380
1400
1356
1345
1350
1422
1318
1401
1356
1382
1404
1393
1394
1390
1360
1424
1331
1347
1344
1372
1364
1356
1328
1420
1360
1350
1292
1324
1382
1369
1322
1372
1384
1368
1383
1392
1344
1392
1320
1397
1424
1403
1346
1384
1363
1418
1292
1388
1392
1328
1410
1400
1328
1388
1382
1408
1307
1332
1330
1364
1328
1398
1362
1408
1344
1363
1362
1414
1461
1420
1403
1384
1376
1395
1354
1464
1341
1416
1410
1420
1368
1462
1368
1449
1235
1281
1374
1345
1344
1462
1342
966
1340
1357
1382
1372
1376
1360
1360
1400
1403
1361
1387
1425
1390
1418
1363
1350
1408
1408
1365
1392
1364
1464
1378
1344
1374
1444
1256
1408
1375
1383
1369
1397
1365
1355
1340
1408
1400
1461
1351
1398
1355
1356
1348
1432
1354
1368
1364
1387
1392
1313
1268
1423
1302
1276
1337
1378
1453
1387
1334
1387
1336
1380
1361
1384
1394
1401
1358
1320
1424
1399
1310
1396
1378
1378
1400
1400
1392
1355
1268
1336
1376
1396
1364
1408
1356
1418
1384
1394
1384
1398
1296
1392
1290
1426
1352
1400
1357
1366
1344
1392
1338
1395
1370
1324
1397
1390
1312
1386
1288
1389
1314
1384
1369
1402
1384
1398
1358
923
1356
1424
1408
1400
1344
1376
1392
1436
1388
1296
1398
1344
1360
1360
1368
1378
1368
1388
1380
1376
1360
1438
1387
1356
1337
1370
1400
1432
1365
1408
1350
1372
1432
1412
1392
1376
1388
1381
1357
1464
1324
1408
1355
1363
1316
1412
1336
1354
1305
1432
1235
1382
1333
1428
1321
1394
1320
1360
1328
1388
1328
1408
1348
1370
1338
1423
1366
1424
1351
1394
1378
1415
1330
1354
1395
1342
1338
1303
1389
1360
1360
1414
1356
1360
1358
1424
1361
1441
1346
1386
1352
1399
1353
1368
1414
1404
1331
1409
1298
1404
1319
1331
1376
1401
1324
1456
1336
1384
1274
1362
1344
1441
1312
1378
1376
1368
1356
1400
1329
1334
1370
1397
1465
1370
1424
1387
1392
1328
1289
1424
1392
1288
1377
1395
1328
1422
1357
1392
1329
1392
1314
1328
1430
1312
1389
1408
1358
1424
1392
1390
1450
1275
1280
1354
1330
1324
1289
1346
1400
1413
1386
1358
1328
1456
1304
1328
1252
1304
1270
1441
1339
1408
1352
1362
1398
1450
1368
1436
1347
1414
1295
1400
1414
1432
1347
1392
1349
1400
1284
1376
1319
1402
1368
1440
1379
1388
1350
1388
1352
1372
1358
1400
1310
1346
1388
1372
1335
1420
1368
1388
1300
1380
1352
1346
1380
1353
1341
1376
1337
1384
1387
1425
1284
1352
1413
1388
1376
986
1304
1416
1368
1367
1392
1434
1362
1466
1363
1404
1392
1379
1383
1400
1328
1360
1318
1384
1348
1380
1339
1377
1394
1340
1366
1352
1358
1380
1368
1402
1302
1373
1296
1268
1356
1424
1328
1410
1365
1393
1334
1384
1360
1424
1385
1394
1366
1420
1372
1410
1366
1211
1298
1302
1316
1353
1345
1432
1400
1484
1363
1452
1280
1415
1374
1372
1340
1364
1348
1417
1409
1330
1349
1352
1312
1368
1346
1408
1378
1422
1344
1433
1379
1334
1388
1396
1368
1416
1361
1410
1361
1358
1344
1420
1356
1386
1300
1446
1314
1356
1304
1404
1310
1391
1369
1377
1325
1427
1386
1336
1325
1362
1288
1394
1306
1368
1368
1332
1289
1382
1354
1488
1420
1424
1368
1380
1368
1349
1321
1385
1408
1360
1412
1415
1296
1415
1331
1328
1370
1308
1316
1344
1420
1432
1336
1437
1417
1363
1356
1329
1344
1426
1312
1344
1392
1384
1248
1364
1400
1378
1361
1384
1395
1408
1304
1440
1283
1360
1353
1384
1355
1436
1400
1416
1422
1433
1312
1370
1344
1362
1396
1352
1324
1340
1388
1386
1390
1328
1335
1412
1369
1332
1328
1408
1280
1416
1369
1359
1345
1420
1383
1308
1384
1386
1361
1377
1318
1402
1368
1412
1379
1404
1363
1382
1370
1452
1330
1395
1344
1394
1364
1418
1388
1443
1301
1390
1380
1298
1372
1395
1368
1384
1389
1348
1440
1404
1361
1342
1350
1425
1414
1360
1403
1356
1388
1361
1386
1314
1400
1391
1450
1440
1403
1346
1459
1421
1388
1384
1372
1442
1393
1351
1390
1430
1323
1349
1379
1354
1448
1344
1382
1390
1430
1408
1400
1433
902
1416
1456
1360
1397
975
1347
1356
1333
1415
1472
1388
1416
1546
1420
1472
1512
1500
1459
1518
1430
1427
1427
1466
1447
1450
1429
1436
1460
1383
1492
1442
1531
1449
1398
1400
1438
1412
1500
1432
1409
1393
1488
1464
1496
1504
1488
1442
1524
1424
1410
1486
1424
1443
1436
1426
1491
1496
1377
1479
1475
1432
1438
1464
1300
1396
1412
1504
1460
1489
1400
1416
1488
1368
1496
1416
1482
1435
1464
1478
1454
1494
1440
1422
1473
1464
1400
1426
1416
1461
1384
1462
1435
1460
1462
1446
1413
1436
1441
1488
1422
1467
1490
1512
1462
1454
1420
1468
1462
1490
1480
1436
1432
1464
1428
1432
1420
1364
1402
1456
1427
1433
1400
1409
1426
1436
1484
1472
1456
1436
1425
1420
1446
1449
1434
1448
1480
1468
1424
1412
1490
1383
1474
1408
1416
1385
1416
1426
1488
1452
1445
1425
1466
1394
1408
1486
1488
1442
1452
1456
1491
1459
1451
1456
1437
1396
1456
1432
1504
963
1456
1489
1434
1432
1480
1500
1458
1489
1440
1384
1316
1325
1335
1475
1436
1432
1488
1382
1420
1420
1392
1424
1414
1441
1520
1488
1492
1360
1412
1460
1468
1450
1443
1396
1432
1430
1452
1427
1425
1400
1460
1419
1396
1436
1426
1440
1469
1426
1444
1414
1413
1430
1488
1410
1432
1428
1489
1384
1398
1432
1458
1456
1480
1476
1442
1408
1522
1428
1362
1480
1416
1476
1432
1458
1415
1464
1440
1408
933
1376
1339
1368
1458
1475
1424
1432
1358
1416
939
1355
1452
1388
1388
1324
1416
1396
1429
1422
1419
1354
1408
1438
1358
1344
1363
1328
1328
1371
1420
1328
1388
1408
1400
1417
1372
1393
1450
1307
1467
1408
1513
1376
1387
1399
1352
1414
1369
1277
1370
1350
1479
1408
1443
1320
1456
1447
1392
1425
1396
1384
1378
1374
1370
1392
1396
1422
1432
1336
1384
1382
1384
1392
1441
1364
1352
1364
1429
1340
1352
1402
1404
1328
1394
1356
1318
1324
1424
1435
1424
1386
1384
1377
1358
1399
1380
1472
1352
1372
1387
1361
1432
1448
1389
1309
1356
1368
1368
1412
1355
1390
1376
1452
1364
1297
1296
1379
1323
1388
1367
1337
1409
1408
1424
1368
1380
1444
1422
1437
1393
1392
1321
1356
1392
1434
1356
1458
1392
1317
1436
1347
1416
1408
1348
1352
1379
1356
1416
1376
1363
1408
1412
1421
1445
1408
1421
1341
1390
1383
1434
1388
1401
1320
1392
1402
1316
1393
1376
1381
1304
1390
1344
1336
1324
1409
1364
1366
1366
1401
1428
1372
1344
1385
1444
1442
1352
1446
1362
1404
1420
1338
1350
1355
1381
1356
1448
1392
1336
1380
1401
1434
1346
1377
1430
1376
1364
1325
1356
1318
1376
1300
1443
1437
1425
1402
1368
1348
1348
1324
1384
1340
1363
1364
1400
1428
1360
1465
1342
1450
1401
1396
1384
1346
1368
1344
1331
1456
1382
1392
1356
1440
1370
1372
1388
1411
1280
1355
1356
1420
1328
1269
1444
1392
1398
1376
1336
1387
1389
1352
1436
1371
1356
1356
1410
1337
1393
1293
1389
1350
1422
1350
1376
1408
1381
1365
1409
1456
1328
1330
1404
1368
1329
1352
1356
1337
1394
1430
1366
1462
1398
1454
1408
1383
1380
1416
1363
1350
1350
1378
1385
1312
1380
1428
1445
1347
1428
1414
1384
1261
1436
1414
1359
1456
1458
1378
1358
1346
1384
1387
1442
1324
1404
1412
1369
1372
1420
1364
1400
1369
1356
1334
1368
1390
1370
1488
1344
1296
1398
1322
1366
1364
1387
1408
1354
1428
1330
1349
1361
1436
1416
1376
1344
1396
1347
1363
1441
1386
1358
1408
1457
1374
1393
1404
1377
1364
1395
1400
1402
1412
1400
1404
1378
1456
1417
1435
1416
1353
1299
1295
1316
1377
1368
1368
1392
1378
1346
1400
1392
1426
1410
1394
1356
1415
1358
1392
1328
1372
1318
1424
1427
1368
1406
1372
1440
1470
1338
1410
1419
1360
1376
1404
1376
1360
1400
1382
1456
1368
1365
1290
1499
1347
1464
1420
1373
1440
1399
1394
1420
1334
1370
1382
1393
1376
1426
1377
1501
1413
1441
1436
1479
1382
1430
1358
1424
1324
1466
1378
1464
1452
1415
1438
1332
1401
1416
1497
1414
1416
1334
1424
1493
1417
1380
1403
1393
1480
1492
1476
1450
1416
1364
1458
1452
1497
1400
1456
1466
1460
1484
1484
1525
1445
1516
1384
1450
1447
1456
1476
1474
1486
1450
1472
1494
1448
1498
1448
1536
1456
1577
1485
1458
1482
1551
1461
1540
1468
1536
1504
1526
1438
1432
1486
1550
1520
1568
1483
1488
1448
1504
1556
1441
1584
1593
1570
1498
1541
1536
1530
1544
1548
1508
1543
1520
1480
1577
1552
1594
1652
1575
1516
1574
1656
1648
1597
1552
1632
1516
1528
1608
1600
1651
1598
1664
1592
1610
1628
1654
1621
1640
1704
1715
1692
1724
1664
1736
1638
1592
1678
1750
1696
1760
1733
