- Jet Lab
- Date: 2022-12-01 18:36:00
- Step: 3500 motor steps
2639
2950
2932
2948
2940
3076
3042
3080
3000
3020
2892
3015
2860
2933
2584
2978
3044
2952
2998
3072
3004
2966
2884
2986
2945
3160
3118
2968
2980
3154
3136
3124
3104
3264
3122
3162
3252
3264
3272
3320
3320
3312
3384
3310
3336
3316
3236
3160
3252
3264
3300
3264
3176
3172
3220
3072
3152
3146
3177
3184
3154
3296
3264
3216
3264
3220
3180
3176
3236
3204
3232
3192
3180
3302
3224
3154
3088
3124
3036
3096
3168
3140
3088
2844
3104
3168
3040
2865
2946
3032
2894
2952
2768
2820
2832
2760
2768
2816
2404
2464
2648
2640
2564
2528
2422
2324
2326
2380
2236
2144
1920
2135
2243
2180
2193
2084
2086
2120
2090
2016
1872
1920
1678
1752
1692
1852
1774
1840
1768
1756
1754
1734
1222
1586
1671
1536
1548
1600
1602
1668
1641
1636
1100
1504
1568
1556
1492
1448
1496
1454
1562
1515
1523
1456
1558
1463
1433
1452
1524
1443
1433
1442
1418
1366
1464
1464
1408
1497
1424
1392
1398
1385
1354
1282
1414
1408
1386
1434
1404
1445
1379
1358
1386
1384
1373
1399
1335
1356
1318
1342
1382
1338
1368
1339
1360
1344
1336
1342
1392
1340
1300
1416
1382
1348
1415
1388
1356
1300
1296
1318
1276
1328
1376
1353
1434
1524
1424
1468
1392
1422
1376
1380
1387
1374
1313
1360
1366
1361
1410
1424
1288
1280
1238
1276
1348
1395
1320
1369
1322
1315
1358
1358
1368
1340
1332
1352
1304
1368
1344
1398
1289
1424
1376
1444
1300
1425
1324
1370
1384
1380
1372
1354
1408
1399
1418
1360
1392
1372
1372
1356
1356
1354
1408
1362
1410
1392
1429
1364
1376
1344
1364
1400
1332
1347
1371
1332
1352
1401
1266
1418
1256
1339
1372
1377
1408
1432
1420
1437
1395
1348
1360
1309
1422
1266
1372
1376
1417
1353
1384
1296
1330
1328
1301
1378
1373
1362
1292
1276
1356
1408
1383
1529
1440
1436
1488
1448
1437
1448
1500
1384
1472
1458
1488
1461
1452
1500
1552
1484
1466
1529
1520
1436
1457
1512
1508
1504
1316
1504
1476
1440
1474
1488
1516
1500
1453
1516
1441
1488
1395
1440
1522
1464
1472
1493
1437
1436
1377
1459
1464
1489
1536
1478
1456
1496
1456
1462
1456
1536
1404
1456
1456
1522
1536
1536
1489
1490
1484
1476
1466
1564
1410
1480
1370
1373
1324
1309
1344
1408
1441
1373
1400
1368
1332
1450
1332
1292
1307
1292
1345
1402
1412
1444
1348
1408
1401
1434
1402
1379
1400
1432
1334
1390
1412
1388
1342
1340
1430
1416
1396
1385
1424
1393
1401
1325
1340
1408
1328
1346
1422
1344
1380
1405
1409
1408
1337
1413
1376
1414
1369
1411
1378
1344
1330
1350
1382
1400
1348
1386
1356
1349
1434
1370
1294
1306
1328
1366
1392
1361
1388
1384
1388
1408
1408
1368
1427
1282
1265
1268
1302
942
1297
1304
1424
1332
1432
1364
1292
1184
1283
1451
1310
1323
1542
1452
1440
1468
1472
1444
1504
1484
1490
1494
1474
1528
1462
1452
1498
1481
1544
1340
1380
1494
1396
1472
1504
1479
1476
1459
1526
1456
1416
1438
1412
1411
1448
1420
1478
1432
1401
1488
1433
1468
1536
1489
1472
1440
1424
1488
1494
1536
1432
1472
1484
1459
1520
1536
1515
1482
1524
1496
1440
1504
1460
1513
1516
1465
1464
1474
1256
1432
1345
1391
1400
1450
1392
1377
1330
1404
1412
1336
1424
1316
1368
1360
1372
1410
1331
1344
1280
1264
1346
1307
1299
1338
1363
1386
1352
993
1257
1282
1280
1270
1325
1352
1357
1448
1400
1403
1404
1340
1382
1388
1376
1429
1418
1452
1517
1378
1354
1366
1331
1361
1412
1410
1386
1340
1380
1404
1364
1347
1412
1395
1399
1382
1372
1370
1396
1384
1290
1370
1394
1456
1318
1332
1310
1340
949
1312
1432
1319
1396
1430
1443
1353
1313
1348
1380
1400
1470
1340
1427
1349
1369
1420
1368
1453
1350
1401
1328
1437
1312
1410
1361
1414
1340
1392
1470
1318
1376
1400
1256
1423
1316
1384
1425
1362
1306
1376
1388
1328
1384
1456
1372
1324
1328
1372
1387
1424
1398
1356
1432
1361
1376
1209
1248
1276
1376
1364
1402
1434
1464
1384
1364
1408
1388
1384
1332
1352
1366
1350
1368
1313
1304
1412
1410
1388
1408
1381
1366
1432
1280
1445
1348
1388
1372
1400
1386
1384
1321
1408
1310
1344
1340
1342
1372
1410
1400
1443
1338
1409
1375
1424
1369
1382
1388
1377
1393
1340
1371
1372
1385
1348
1334
1290
1350
1388
1464
1481
1436
1370
1429
1420
1363
1457
1404
1356
1429
1333
1329
1423
1344
1446
1315
1372
1392
1393
1408
1440
1366
1380
1380
1397
1369
1376
1384
1386
1366
1444
1323
1372
1333
1326
1412
1356
1288
1356
1428
1380
1420
1405
1402
1428
1388
1384
1346
1369
1388
1329
1377
1292
1284
1336
1382
1376
902
1445
1360
1456
1415
1368
1388
1344
1426
1384
1383
1408
1408
1332
1304
1328
1432
1423
1342
1404
1336
1353
1427
1420
1378
1413
1409
1382
1315
1379
1383
1372
1420
1314
1356
1432
1383
1393
1410
1412
1406
1396
1390
1362
1265
1288
1358
1330
1332
960
1408
1478
1368
1389
1522
1498
1486
1506
1540
1436
1480
1472
1500
1432
1497
1428
1485
1440
1488
1400
1561
1400
1442
1348
1496
1382
1514
1491
1508
1465
1509
1450
1475
1388
1497
1528
1463
1483
1456
1378
1436
1490
1459
1433
1426
1472
1536
1464
1426
1500
1492
1438
1494
1388
1402
1448
1528
1429
1500
1428
1370
1433
1353
1354
1464
1402
1528
1362
1292
1328
1436
1344
1360
1408
1340
1312
1394
1338
1373
1369
1383
1243
1296
1395
1434
1288
1412
1424
1382
1424
1392
1333
1428
1420
1264
1382
1400
1436
1408
1352
1352
1321
1432
1408
1348
1392
1360
1352
1321
1378
1380
1371
1353
1341
1346
1317
1394
1414
1286
1384
1269
1366
1342
1382
1400
1340
1356
1329
1372
1410
1340
1392
1412
1358
1360
1377
1392
1355
1364
1372
1335
1267
1460
1355
1315
1304
1384
1380
1433
1416
1358
1364
1404
1354
1433
1344
1428
1371
1414
1311
1424
1410
1408
1368
1385
1360
1432
1360
1340
1350
1403
1404
1418
1322
1390
1340
1312
1383
1360
1345
1426
1410
1426
1395
1379
1380
1457
1408
1428
1354
1380
1362
1392
1348
1382
1346
1400
1328
1268
1436
1408
1347
1344
1384
1379
1320
1365
1364
1420
1340
1441
1366
1376
1398
1352
1346
1325
1459
1444
1324
1392
1359
1416
1409
1460
1380
1388
1384
1424
1404
1371
1361
1409
1298
1243
1316
1381
1328
1360
1379
1308
1294
1328
1358
1332
1368
1392
1384
1403
1382
1396
1404
1369
1424
1450
1356
1464
1426
1446
1432
1416
1448
1463
1451
1445
1408
1452
1389
1484
1348
1490
1418
1524
1408
1452
1352
1488
1408
1441
1440
1436
1424
1486
1376
1426
1420
1427
1351
1458
1378
1443
1421
1356
1336
1420
1399
1347
1414
1400
1456
1433
1404
1434
1438
1480
1461
1446
1414
1432
1398
1425
1450
1398
1373
1388
1486
923
1426
1408
1378
1416
1419
1476
1426
1436
1437
899
1402
1464
1456
1472
1412
1434
1447
1504
1426
1453
1370
1421
1414
1500
1400
1424
1426
1444
1408
930
1387
1432
1322
1356
1300
1456
1459
1432
1414
908
1420
1390
1388
1436
1395
1395
1368
1376
1347
1440
1414
1525
1442
1478
1361
1550
1448
1358
1457
1433
1379
1440
1394
1454
1428
1444
1418
1456
1392
1452
1440
1409
1430
1395
1477
1454
1385
1416
1430
1445
1386
1472
1417
1428
1448
1508
1408
1477
1400
1440
1388
1331
1330
1452
1384
1440
1334
1476
1360
1548
1400
1426
1396
1408
1384
1474
1420
1508
915
1463
1400
1395
1411
1398
1434
1448
1430
1496
1408
1500
1478
1456
1460
1422
1404
1392
1450
1446
1385
1479
1416
1436
1382
1422
1404
1482
1433
1430
1459
1446
1436
1482
1421
1485
1400
1474
1395
1457
1408
1332
1360
1416
1400
1460
1396
1435
1426
1426
1412
1484
1412
1464
1360
1440
1414
1426
1336
1472
1380
1472
1436
1478
1416
1456
1404
1438
1377
1498
1438
1424
1452
1457
1369
1472
1376
1432
1394
927
1315
1292
1345
1336
1356
1320
1355
1340
1372
1364
1376
1426
1344
1388
1356
1392
1318
1380
1329
1249
1332
1329
1250
1397
1432
1420
1348
1440
953
1446
1368
1417
1395
1388
1428
1378
1338
1370
1328
1396
1264
1341
1339
1433
1316
1387
1376
1404
1336
1348
1356
1366
1373
1388
1340
1402
1388
1403
1356
1380
1416
1392
1342
1408
1360
1408
1350
1376
1378
1419
1358
1408
1320
1401
1364
1382
1276
1383
1385
1265
1344
1396
1376
1481
1340
1404
1412
940
1354
1380
1364
1400
1349
1326
1336
1357
1364
1340
1316
1478
1336
1408
1404
1355
1348
1442
1404
1378
1381
1390
1348
1314
1368
1385
1372
1356
1299
1394
1416
1385
1288
1337
1392
1391
1396
1401
1337
1440
1370
1384
1340
1368
1387
1274
1253
1250
1289
1399
1376
1462
1302
1392
1415
1418
1390
1396
1318
1322
1351
1363
1308
1432
1381
1477
1348
1368
1372
1459
1370
1384
1370
1376
1356
1448
1392
1417
1310
1392
1344
1296
1382
1364
1390
1385
1341
1261
1386
1366
1362
1356
1352
1400
1372
1443
1380
1312
1363
1364
1333
1318
1368
1241
1308
1384
1285
1390
1412
1452
1420
1410
1436
1350
1368
1437
1370
1452
1381
1406
1259
1368
1373
1351
1366
1356
1361
1408
1361
1428
1368
1432
1314
1360
1418
1446
1451
1388
1342
1392
1400
1404
1393
1466
1348
1442
1362
1372
1336
1392
1340
1478
1382
1432
1416
1496
1344
1370
1340
1453
1440
1364
1456
1500
1362
1464
1536
1492
1528
1488
1474
1481
1525
1597
1434
1458
1488
1528
1496
1480
1600
1526
1504
1500
1475
1577
1588
1648
1554
1594
1554
1674
1648
1690
1664
1756
1684
1808
1795
1872
1877
1960
1911
1848
1829
1860
1840
1953
1964
2104
2156
2200
2092
2149
2298
2196
2136
2276
2022
2154
2315
2400
2326
2316
2124
2224
2312
2312
2512
2644
2496
2762
2752
2764
2684
2736
2536
2796
2729
2756
2633
2886
2742
2875
2856
2828
2932
2873
2832
2836
2852
2882
2920
2996
2800
2908
2840
2896
3016
2923
3030
2988
3026
2919
3052
2916
3032
2932
2860
3036
3035
3016
3060
3120
3172
3080
3032
3020
2966
3084
3060
3008
2980
3030
2752
2889
2790
2856
2930
2932
2992
2952
2734
2830
2824
2896
2808
2832
2800
2896
2688
2736
2712
2737
2746
2705
2620
2643
2672
2762
2628
2608
2480
2542
2464
2508
2422
2372
2384
2392
2304
2324
2325
2382
2228
2086
2294
2068
2077
2236
2204
1937
2112
1988
1856
1910
1928
1794
1792
1792
1832
1872
1711
1825
1832
1704
1779
1810
1591
1736
1592
1614
1603
1664
1600
1606
1520
1604
1482
1562
1560
1608
1457
1448
1377
1526
1474
1472
1479
1450
1360
1446
1408
1472
1432
1456
1356
1424
1404
1400
1460
1379
1387
1310
1336
1398
1319
1428
1374
1321
1332
1414
1282
1374
1324
1409
1341
1437
1408
1369
1344
1379
1452
1401
1344
1416
1362
1393
1392
1354
1316
1364
1304
1502
1348
1408
1340
1416
1321
1418
1378
1440
1380
1404
1366
1454
1384
1385
1344
1401
1358
1452
1390
1326
1416
1346
1372
1440
1366
1362
1372
1425
1350
1396
1399
1325
1329
1369
1330
1352
1328
1315
1318
1352
1334
1428
1358
1354
1329
1452
1350
1338
1301
1432
1312
1376
1284
1400
1368
1377
1339
1408
1354
1422
1320
1414
1310
1344
1335
1387
1387
1356
1400
1392
1436
1399
1354
1404
1372
1366
1385
1430
1332
1423
1371
1425
1359
1368
1281
1507
1380
1456
1320
1364
1380
1318
1298
1292
1280
1415
1331
1361
1328
1434
1360
1396
1400
1398
1396
1425
1372
1381
1366
1400
1350
1310
1349
1388
1314
1372
1412
1372
1301
1410
1388
1388
1336
1329
1269
1354
1369
1360
1290
1412
1411
1364
1392
1437
1396
1408
1338
1428
1232
1393
1328
1414
1400
1384
1412
1467
1408
1420
1346
1368
1384
1248
1294
1334
1241
1274
1380
1345
1304
1403
1355
979
1428
1484
1487
1460
1376
1437
1387
1438
1428
1263
1345
1349
1354
1397
1329
1425
1364
1334
1333
1346
1356
1432
1306
1354
1356
1346
1366
1418
1315
1340
1362
1424
1370
1404
1359
1379
1362
1428
1352
1457
1324
1374
1366
1346
1379
1382
1328
1332
1387
1368
1324
1452
1368
1411
1332
1408
1425
1420
1328
1412
1322
1306
1306
1420
1318
1381
1352
1304
1354
1383
1330
1346
1300
1334
1333
1376
1314
1346
1334
1376
1369
1399
1334
1418
1358
1400
1298
1344
1368
1400
1372
1356
1387
1400
1316
1344
1394
1394
1362
1376
1308
1392
1384
1398
1254
1360
1324
1328
1362
1450
1380
1424
1323
1344
1332
1392
1336
1472
1392
1404
1344
1401
1355
1355
1331
1416
1332
1376
1304
1392
1296
1406
1308
1346
1242
1369
1331
1376
1344
1368
1305
1376
1270
1361
1307
1305
1356
1328
1382
1333
1393
1388
1323
1368
1374
1409
1308
1400
1320
1346
1318
1306
1235
1395
1320
1456
1316
1320
1291
1278
1280
1389
1270
1409
1340
1466
1312
1444
1363
1400
1387
1390
1320
1376
1328
1444
1288
1332
1292
1364
1280
1443
1295
1425
1264
1394
1373
1385
1289
1410
1384
1421
1330
1444
1301
1344
1393
1394
1353
1310
1366
1391
1344
1357
1308
1393
1232
1355
1316
1286
1288
1330
1273
1373
1323
1401
1293
1376
1356
1372
1248
1378
1305
1377
1294
1432
1341
1444
1313
1465
1294
1392
1291
1404
1224
1387
1270
1294
1233
1340
1309
1368
1306
1394
1302
1392
1323
1374
1237
1384
1271
1416
1282
1344
1349
1425
1356
1328
1318
1233
1284
1307
1344
1356
1336
1362
1298
1272
1171
1387
1284
1386
1270
1286
1338
1346
1324
1356
1198
1371
1234
1348
1312
1368
1326
1344
1348
1363
1268
1362
1284
1376
1264
1306
1308
1349
1261
1320
1285
1289
1300
1368
1233
1336
1286
1356
1360
1390
1302
1374
1265
1372
1286
1444
1336
945
1318
1488
1308
1388
1320
1460
1330
1428
1270
1372
1364
1292
1310
1390
1328
1400
1204
1382
1286
1349
1248
1350
1304
1356
1261
1416
1180
1400
1223
1360
1322
1408
1246
1377
1324
1405
1302
1414
1371
1386
1319
1443
1316
1370
1277
1310
1294
1371
1249
1388
1323
1350
1296
1384
1320
1404
1312
1376
1240
1392
1334
1408
1300
1378
1189
1336
1227
1457
872
1313
1336
1424
1235
1360
1286
1398
1297
1401
1360
1414
1362
1404
1295
1436
1211
1417
1297
1360
1264
1419
1240
1319
1228
1416
1392
1386
1370
1388
1244
1427
1270
1425
1248
1422
1320
1404
1364
1348
1396
1382
1294
1438
1345
1444
1518
1328
1436
1366
1476
1448
1359
1348
1332
1410
1217
1365
1288
1324
1274
1404
1304
1332
1285
1340
1326
1366
1258
1390
1357
1374
1294
1398
1232
1373
1312
1371
1328
1315
1300
1384
1304
1398
1291
1398
1383
1356
1280
1399
1203
1361
1383
1430
1272
1396
1342
1435
1238
1332
1283
1373
1268
1385
1298
1366
1356
1336
1303
1396
1299
1344
1320
1432
1365
1320
1320
1346
1488
916
1289
1310
1422
1323
1478
1204
1472
1443
1520
920
1468
1376
1352
1488
1321
1380
1452
1388
1346
1403
1440
1337
1238
1482
1494
1304
1342
1380
1548
1328
1324
1470
1392
1368
1267
1421
1560
1359
1308
1456
1492
1303
1360
1451
1478
1254
1390
1525
1496
1239
1300
1384
1280
1288
1285
1311
1344
1267
1253
1427
1422
1230
1316
1358
1456
1277
1270
1380
1411
1236
1188
1380
1465
1182
1224
1360
1398
1224
1264
1368
1435
1363
1438
1336
1480
1404
1458
1417
1362
1371
1484
1452
1435
1424
1442
1378
1472
1400
1432
1462
1406
1415
1372
1476
1440
1456
1443
1408
1422
1329
1303
1302
1472
1393
1382
1432
1500
1400
999
1474
1460
1460
1508
1377
1538
1465
1492
1306
1420
1374
1410
1432
1431
1384
1400
1398
1472
1368
1430
1396
1456
1414
1412
1394
1400
1368
1433
1411
1369
1414
1472
1372
1381
1372
1398
1425
1441
1422
1413
1392
1396
1449
1432
1436
1431
1409
1384
1276
1440
1283
1313
1376
1452
1379
1415
1384
1448
1378
1464
1472
1401
1440
1449
1468
1408
1273
1440
1403
1432
1430
1372
1419
1448
1106
1452
1390
1446
1428
1451
1420
1452
1464
1357
1392
1401
1376
1370
1427
1414
1440
1390
1446
1442
1524
1392
1410
1400
1334
1447
1492
1366
1392
1418
1420
1307
1238
1420
1420
1387
1410
1425
1394
1427
1401
1422
1434
1438
1389
1456
1432
1444
1408
1396
1296
1428
1424
1378
1389
1446
1366
1400
1427
1313
1392
1404
1382
1434
1294
1435
1368
1306
1417
1347
1452
1226
1401
1344
1442
1380
1440
1360
1412
1403
1383
1372
1392
1503
1376
1415
1376
1440
1355
1258
1312
1460
1359
986
1426
1510
1396
1488
1340
1454
1384
1464
1356
1408
1292
1472
1344
1380
1328
1420
1357
1443
1334
1423
1416
1443
1433
1414
1404
1292
1432
1444
1378
1408
1410
1382
1340
1368
1412
1384
1356
1401
1318
1402
1394
1452
1352
1436
1366
1377
1393
1410
1409
1409
1396
1392
1344
1328
1318
1442
1446
1320
872
1404
1387
1369
1432
1401
1396
1394
1360
1488
1395
1418
1415
1377
1424
1341
1364
1384
1362
1425
1428
1428
1350
1384
1400
1360
1352
1266
1390
1438
1420
1405
1312
1389
1472
1330
1379
1340
1412
1370
1338
1334
1447
1377
1340
1409
1382
1430
1316
1446
1492
1340
1187
1388
1385
1422
1458
1358
1464
1372
1400
1401
1417
1451
1424
1452
1440
1393
1420
1454
1425
1382
1398
1400
1354
1360
1462
1366
1443
1425
1376
1338
1378
1399
1384
1448
1392
1432
1372
1270
1268
1274
1285
1316
1326
1384
1320
1326
986
1440
1256
1394
1482
1478
1480
1466
1500
1504
1448
1400
1474
1459
1404
1465
1480
1552
1504
1508
1472
1506
1494
1442
1510
1478
1472
1453
1481
1460
1348
1395
1488
1436
1496
1440
1523
1504
1472
1505
1472
1542
1465
1481
1540
1420
1496
1520
1484
1507
1468
1474
1552
1518
1524
1508
1464
1504
1526
1482
1524
1484
1452
1472
1448
1529
1458
1488
1531
932
1092
1310
1344
1272
1380
1414
1326
1400
1341
1400
1363
1440
1419
1426
1330
1376
1422
1442
1447
1372
1390
1442
1388
1366
1336
1321
1414
1321
1353
1382
1372
1372
1380
1348
1306
1318
1424
1346
1368
1331
1301
1456
1368
1448
1368
1398
1376
1413
1420
1413
1440
1414
1434
1394
1360
1424
1420
1310
885
1328
1300
1504
1416
1404
1432
1481
1450
1510
1394
1396
1344
1432
1418
1435
1444
1356
1256
1287
1353
1416
1262
1376
1424
1422
1344
1376
1325
1380
1424
1377
1381
1342
1430
1289
1409
1360
1348
1376
1398
1442
1364
1440
1372
1347
1294
1334
1381
1340
1416
1437
1374
1353
1358
1357
1400
1200
1358
1408
1371
1420
1408
1344
1409
1472
1414
1424
1408
1382
1424
1388
1434
1441
1387
1401
1352
1458
1304
1358
1282
1444
1357
1429
1404
1365
1372
1369
1336
1356
1362
1374
1370
1382
1400
1400
1381
1373
1338
1369
1376
1336
1400
1408
1440
1348
1426
1342
1324
1413
1432
1354
1386
1368
1411
1304
1344
1408
1346
940
1354
1412
1381
1538
1398
1431
1430
1408
1416
1414
1369
1440
1384
1351
1270
1368
1366
1360
1352
1393
1450
1478
1396
1324
1348
1312
1220
1300
1409
1468
1522
1488
1484
1473
1477
1452
1520
1442
1514
1543
1542
1486
1542
1444
1536
1537
1492
1522
1499
1495
1398
1465
1379
1480
1454
1427
1484
1484
1440
1488
1504
1526
1510
1480
1507
1504
1473
1481
1492
1488
1458
1456
1465
1490
1462
1488
1452
1468
1436
1442
1504
1521
1494
1536
1486
1464
1436
1496
1448
1488
1523
1568
1460
1500
1512
1512
1472
995
1319
1392
1432
1388
1440
1458
1382
1368
1398
1412
1320
1408
1476
1337
1294
1384
1362
1424
1452
1346
1432
1473
1380
1388
1392
1453
1422
1450
1435
1486
1568
1544
1489
1564
1490
1538
1441
1466
1579
1633
1636
1594
1626
1522
1604
1548
1640
1610
1604
1537
1556
1632
1588
1563
1635
1674
1732
1744
1705
1710
1752
1756
1792
1828
1880
2012
1968
1893
1800
1908
1880
2004
1980
2100
2092
2080
2113
2018
2224
2244
2256
2296
2264
2256
2376
2512
2467
2350
2546
2384
2562
2586
2614
2664
2725
2742
2732
2889
2806
2848
2900
2904
2921
2974
2989
3000
2929
3016
2960
3017
3112
3116
3152
3176
3208
3252
3328
3356
3244
3372
3334
3377
3384
3408
3268
3368
3328
3404
3464
3416
3380
3416
3452
3472
3500
3430
3424
3488
3432
3506
3569
3520
3512
3558
3540
3640
3400
3440
3463
3520
3508
3600
3600
3512
3468
3584
3448
3404
3496
3587
3496
3478
3446
3504
