- Jet Lab
- Date: 2022-12-01 18:41:09
- Step: 3500 motor steps
1531
1640
1634
1590
1656
1612
1642
1760
1286
1584
1596
1632
1612
1706
1548
1712
1566
1636
1584
1600
1652
1792
1760
1776
1864
1761
1800
1804
1840
1712
1690
1862
1753
1772
1832
1804
1788
1816
1812
1792
1774
1824
1856
1776
1824
1825
1862
1792
1712
1777
1752
1824
1792
1754
1764
1763
1808
1768
1785
1814
1785
1760
1752
1872
1794
1804
1860
1778
1792
1814
1876
1794
1880
1794
1792
1272
1730
1730
1793
1724
1700
1694
1666
1660
1602
1122
1585
1584
1432
1382
1400
1456
1396
1388
1404
1305
1436
1302
1260
1352
1307
1324
1299
1402
1416
1316
1321
1332
1289
1262
1368
1336
1253
1316
1267
1408
1480
1520
1500
1484
1515
1480
1409
1445
1448
1388
1432
1526
1484
1404
1508
1448
1563
1436
1544
1472
1468
1528
1444
1465
1472
1412
1507
1580
1456
1491
1377
1424
1468
1540
1520
1475
1474
1482
1496
1472
1467
1456
1530
1472
1536
1448
1512
1536
1452
1484
1468
1500
1488
1478
1496
1520
1436
1432
1490
1496
1436
1496
1450
1410
1481
1428
1518
984
1408
1378
1325
1428
1353
1384
1392
1377
1336
1400
1280
1376
1362
1377
1417
1342
1392
1388
1312
1412
1291
1304
1294
1380
1384
1340
1379
1294
1296
1315
1298
1275
1396
1432
1411
1412
1448
1376
1368
1388
1384
1378
1420
1377
1356
1442
1344
1366
974
1424
1345
1368
1380
1410
1400
1392
1424
1404
1348
1403
1388
1424
1448
1384
1404
1392
1415
1383
1358
1332
1396
1362
1400
1388
1398
1419
1336
1371
1272
1304
1349
1379
1382
1322
1392
1444
1336
1467
1398
1456
1344
1344
1388
1308
1380
1364
1388
1338
1312
1382
1346
1388
1366
1458
1360
1444
1413
1392
1337
1312
1412
1418
1355
1380
1200
1408
1331
1358
1336
1368
1517
1377
1409
1396
1371
1328
1368
1270
1289
1392
1357
1354
1402
1360
1284
1250
1272
1317
1370
1414
1415
1358
1444
1374
1345
1408
894
1370
1364
1476
1416
1356
1336
1340
1400
1408
1313
1366
1412
1425
1372
1298
1384
1376
1400
1392
1296
1436
1373
1376
1358
1408
1350
1366
1362
1374
1393
1329
1350
1386
1399
1324
1380
1396
1366
1392
1400
1366
1436
1336
1432
1364
1352
1246
1358
1245
1319
1361
1296
1379
1294
1376
1297
1376
1322
1378
1321
1400
1374
1449
1408
1363
1284
1450
1319
1390
1356
1408
1468
1363
1344
1394
1350
1321
1293
1424
1358
1344
1356
1344
1329
1392
1379
1372
1424
1452
1344
1416
1430
1378
1415
1381
1381
1400
1392
1348
1443
1387
1392
1388
1382
1302
1334
1364
1366
1386
1324
1416
1336
1272
1346
1420
1348
1462
1376
1430
1382
1357
1444
1432
1392
1382
1360
1447
1347
1388
1438
1384
1418
1398
1386
1404
1388
1368
1289
1352
1370
1307
1360
1333
1348
1412
1341
1273
1391
1395
1362
1329
1358
1408
1428
1380
1384
1290
1389
1348
1401
1428
1286
1326
1248
1288
1290
1270
1370
1408
1362
1454
1372
1374
1356
1329
1384
1512
1457
1518
1422
1478
1462
1452
1484
1536
1444
1474
1542
1440
1472
1477
1475
1456
1464
1440
1456
1460
1458
1458
1504
1476
1446
1456
1506
1434
1476
1424
1520
1408
1416
1445
1510
1412
1511
1460
1497
1480
1432
1474
1330
1456
1417
1432
1446
1444
1424
1452
1479
1426
1444
1468
1472
1454
1482
1441
1536
889
1376
1358
1408
1303
1344
1358
1432
1404
1376
1383
1302
1453
1356
1378
1350
1410
1344
1408
1440
1376
1409
1464
1358
1354
1328
1448
1420
1379
1404
1378
1363
1428
1344
1313
1376
1284
1252
1354
1244
1310
1332
1362
1344
1393
1402
1422
1462
1414
940
1397
1424
1388
1370
1414
1450
1409
1348
1376
906
1494
1328
1386
1363
1378
1416
1436
1424
1340
1308
1388
1352
1394
1458
1374
1452
1384
1372
1370
1449
1409
1392
1374
1374
1370
1403
1415
1356
1365
1332
1398
1344
1163
1345
1318
1372
1288
1449
1347
1300
1292
1401
1352
1382
1357
1367
1382
1398
1390
1323
1402
1392
1336
1392
1403
1424
1324
1368
1400
1344
1426
1356
1372
1408
1348
1380
1415
1378
1438
1356
1380
1264
1430
1422
1386
1395
1396
1420
934
1310
1424
1360
1404
1420
1364
1438
1408
1392
1342
1456
1370
1400
1441
1346
1280
1490
1171
1418
1237
1392
1408
1334
1364
1333
1392
1376
1384
1326
1350
1356
1332
1324
1426
1408
1453
1376
1382
1080
1381
1429
1468
1422
1395
1392
1360
1448
1390
1349
1368
1353
1386
1403
1386
1425
1380
1364
1378
1281
1348
1376
1369
1428
1286
1409
1324
1402
1347
1385
1378
1338
1316
1436
1392
1365
1270
1378
1276
1282
1382
1340
1355
1392
1372
1408
1424
1384
1409
1368
1374
1408
1376
1362
1344
1400
1376
1318
1392
1347
1449
1413
1396
1388
1411
1380
1404
1368
1392
1436
1356
1400
1424
1344
1337
1377
1297
1388
1386
1352
1384
1348
1416
1372
1334
1434
1396
1384
1372
1446
1432
1338
1398
1268
1362
1340
1344
1394
1484
1408
1332
1283
1360
1320
1408
1410
1460
1366
1344
1398
1433
1368
1342
1361
1392
1306
1377
1379
1393
1420
1404
1354
1392
1432
1408
1353
1433
1358
1350
1334
1385
1357
1278
1269
1214
1316
1224
1432
1395
1498
1528
1492
1370
1480
1448
1520
1460
1520
1396
1488
1472
1408
1408
1336
1434
1546
1512
1564
1492
1572
1496
1514
1440
1540
1448
1564
1464
1291
1384
1457
1420
1510
1486
1460
1448
1516
1478
1486
1436
1554
1390
1472
1432
1420
1468
1492
1440
1476
1486
1394
1427
1498
1462
1376
1436
1485
1462
1440
1468
1516
1432
1376
1492
1476
1466
1488
881
1444
1348
1372
1362
1408
1329
1388
1353
1426
1416
1454
1364
1422
1334
1412
1400
1526
1366
1442
1364
1448
1396
1458
1420
1382
1352
1504
1492
1418
1345
1466
1435
1490
1312
1432
1448
1482
1432
1428
1399
1536
1464
1474
1436
1360
1484
1467
1340
1450
1412
1420
1420
1396
1488
1440
1440
1468
1480
1422
1446
1384
1356
1360
1400
1396
1394
1436
1364
1384
1449
1410
1472
1536
1386
1454
1420
1548
1437
1422
1385
1434
1472
1504
1392
1404
1448
1348
1446
1424
1372
1516
1460
1498
1456
1428
1420
1484
1400
1472
1422
1513
1358
1347
1392
1418
1426
1450
1400
990
1385
1448
1404
1449
1400
1456
1340
1446
1412
913
1356
1410
1384
1396
1357
1456
1376
1368
1414
1432
1408
1444
1381
1402
1430
1454
1427
1404
1327
951
1476
1444
1400
1452
1436
1380
1488
1510
1394
916
1386
1348
1435
1472
1410
1448
1436
1482
1476
921
1408
1440
1344
1440
1464
1474
1385
1480
1368
957
1378
1460
1433
1480
1402
1460
1372
1344
1360
1398
1392
1404
1443
1422
1454
1446
1395
1490
1436
1464
1291
1441
1398
1404
1408
1436
1384
1436
1428
1446
1347
1424
1372
1436
1444
1446
1472
1452
1420
1490
1425
1483
1418
1456
1396
1460
1392
1478
927
1328
1376
1395
1371
1348
1331
1430
1369
1396
1395
1415
1344
1428
1384
1402
1306
1252
1344
1367
1302
1354
1348
1416
1320
1342
1356
1356
1358
1369
1364
1400
1368
1380
1360
1326
1338
1398
1402
1376
1404
1368
1363
1388
1322
1352
1382
1362
1328
1292
1368
1435
1392
1394
1382
1370
1312
1369
1296
1378
1344
1336
1352
1404
1361
1386
1389
1337
1318
1384
1392
1402
1324
1390
1348
1313
1314
1373
1287
1392
1416
1340
1379
1308
1374
1386
1374
1318
1408
1340
1368
1370
1352
1386
1356
1340
1360
1276
1386
1366
1328
1305
1380
1393
1428
1392
1378
1484
1336
1377
1297
1416
1338
1316
1281
1414
1350
1325
1328
1356
1381
1372
1302
1376
1232
1396
1355
1400
1335
1386
1412
1354
1352
1315
1339
1319
1314
1370
1351
1370
1362
1384
1332
1378
1400
1360
1360
1316
1394
1392
1336
1304
1426
1350
1441
1362
1358
1395
1388
1429
1408
1443
1364
1435
1384
1351
1380
1354
1300
1408
1346
1400
1323
1416
1260
1292
1387
1392
1298
1373
1356
1449
1334
1392
1369
1430
1337
1348
1344
1416
1298
1328
1373
1396
1346
1449
1342
1383
1378
1356
1358
1376
1289
1288
1362
1382
1314
1380
1338
1318
1376
1353
1309
1326
1344
1368
1415
1341
1334
1355
1364
1372
1308
1450
1416
1402
1360
1388
1352
1388
1385
1372
1274
1452
1340
1416
1362
1311
1387
1392
1333
1390
1366
1384
1361
1465
1323
1384
1198
1376
1365
1249
1341
1411
1360
1416
1312
1368
1344
1388
1344
1390
1369
1404
1406
1395
1287
1360
1382
1374
1339
1434
1376
1365
1332
1338
1356
1426
1376
1457
1276
1398
1380
1315
1338
1372
1340
1364
1296
1350
1296
1400
1340
1380
1277
1350
1356
1376
1288
1364
1378
1350
1409
1381
1344
1374
1272
1356
1324
1338
1334
1317
1392
1392
1387
1358
1316
1376
1342
1400
1320
1366
1368
1382
1304
1370
1392
1422
1220
1358
1390
1370
1427
1384
1334
1356
1408
1382
1328
1470
1390
1420
1421
1449
1342
1378
1484
1338
1364
1366
1348
1355
1314
1372
1324
1364
1390
1394
1381
1397
1436
1420
1378
1348
1283
1339
1304
1362
1380
1357
1360
1345
1336
1374
1367
1408
1326
1413
1385
1367
1417
1344
1323
1362
1358
1392
1355
1368
1432
1400
1359
1369
1382
1396
1362
1345
1388
1400
1345
1416
1357
1334
1393
1416
1301
1321
1311
1366
1366
1308
1355
1409
1380
1380
1352
1448
1359
1376
1393
1392
1350
1334
1382
1321
1310
1416
1351
1322
1332
1322
1372
1368
1366
1354
1360
1384
1337
1310
1332
1306
1371
1352
1353
1272
1392
1392
1338
1384
1336
1372
1422
1362
1412
1256
1369
1351
1344
1336
1328
1372
1358
1349
1288
1370
1292
1408
1310
1384
1381
1336
1360
1396
1304
1378
1422
1440
1341
1398
1408
1354
1318
1376
1294
1358
1296
1457
928
1346
1363
1368
1344
1384
1360
1357
1372
1368
1352
1345
1312
1354
1392
1360
1400
1372
1348
1372
1412
1424
1460
1495
1472
1588
1589
1626
1604
1644
1562
1606
1620
1608
1548
1608
1632
1704
1677
1703
1649
1812
1636
1739
1712
1696
1690
1724
1772
1731
1577
1687
1694
1659
1740
1734
1660
1720
1710
1760
1728
1824
1668
1732
1707
1736
1748
1748
1712
1808
1702
1686
1764
1688
1722
1744
1668
1755
1676
1715
1702
1660
1713
1704
1664
1728
1688
1680
1653
1710
1674
1812
1676
1739
1709
1784
1706
1776
1760
1760
1649
1728
1688
1750
1676
1808
1688
1674
1633
1752
1760
1720
1688
1820
1701
1799
1730
1770
1728
1802
1608
1724
1710
1651
1641
1728
1803
1786
1720
1688
1716
1720
1776
1744
1756
1696
1702
1664
1622
1712
1672
1694
1760
1767
1714
1728
1696
1730
1681
1722
1656
1656
1668
1686
1656
1708
1683
1664
1600
1632
1526
1638
1568
1660
1569
1558
1442
1526
1425
1462
1472
1422
1358
1444
1368
1420
1344
1376
1449
1382
1350
1358
1400
1322
1385
1344
1336
1356
1417
1441
1372
1395
1308
1326
1360
1352
1359
1373
1396
1409
1368
1422
1372
1378
1379
1436
1354
1325
1349
1395
1366
1438
1251
1332
1296
1428
1264
1466
1350
1400
1363
1388
1398
1336
1306
1417
1300
1390
1325
1392
1384
1410
1353
1392
1378
1373
1354
1374
1402
930
1344
1426
1336
1392
1436
1373
1346
1362
1394
1408
1385
1400
1376
1424
1299
1347
1333
1344
1368
1409
1348
1394
1396
1412
1360
1325
1300
1400
1386
1376
1337
1336
1344
1433
1362
1416
1366
1402
1362
1400
1366
1316
1316
1394
1232
1328
1347
1392
1282
1444
1372
1416
1353
1366
1350
1426
1317
1441
924
1432
1412
1414
1347
1210
1331
1433
1384
1388
1344
1400
1340
1424
1376
1378
1293
1384
1352
1345
1317
1441
1281
1450
1244
1319
1350
1398
1379
1368
1388
1364
1385
1403
1334
1398
1339
1370
1334
1355
1250
1298
1305
1359
1276
1368
1340
1370
1402
1434
1393
1450
1435
1384
1349
1394
1402
1348
1422
1442
1340
1356
1314
1300
1392
1353
1336
1428
1349
1388
1313
1342
1358
1360
1376
1382
1288
1378
1383
1280
1396
1320
1356
1368
1380
1380
1336
1359
1288
1367
1392
1394
1360
1424
1360
1358
1347
1404
1254
1420
1342
1305
1341
1381
1388
1308
1368
1402
1344
1312
1376
1394
1392
1368
1344
1388
1468
1416
1344
1400
1400
1368
1352
1440
1303
1398
1329
1423
1370
1363
1363
1382
1382
1386
1308
1374
1363
1395
1348
1392
1254
1315
1359
1371
1355
1472
1317
1380
1324
1248
1300
1484
1370
1355
1386
1381
1267
1334
1336
1269
1388
1412
1337
1330
1392
1400
1380
1384
979
1420
1348
1394
1378
1425
1340
1286
1368
1434
1284
1354
1290
1339
1350
1440
1322
1376
1393
1424
1312
1403
1334
1390
1320
1402
1367
1353
1303
1345
1424
1427
1442
1429
1400
1410
1394
1448
1372
989
1380
1500
1402
1432
1409
1336
1443
1341
1436
829
1428
1420
1388
1376
1408
1430
1428
1456
1443
903
1468
1427
1416
1420
1382
1356
1432
1448
1424
1380
1530
1420
1416
1472
1426
1461
1392
1398
1392
1414
1360
1426
1437
1438
1388
1388
1432
1401
1348
1440
1368
1466
1408
1456
1400
1452
1408
1480
983
1464
1410
1433
1408
1360
1414
1422
1378
1392
875
1376
1430
1427
1396
1437
1436
1479
1440
1408
1428
1416
1376
1472
1368
1432
1411
1490
1412
1424
1402
1430
1394
1436
1443
1386
1412
1474
1388
1364
1465
1472
1428
1473
1358
1442
1408
1360
1420
1001
1379
1449
1371
1432
1394
1408
1419
1499
1360
967
1472
1504
1371
1380
1447
1419
1420
1430
1372
919
1445
1442
1408
1504
1431
1448
1408
1356
1446
885
1404
1398
1414
1400
1396
1404
1371
1444
1412
993
1424
1442
1447
1452
1422
1382
1320
1484
1424
1437
1408
1523
1412
1426
1400
1414
1390
1412
1395
952
1394
1420
1378
1440
1456
1444
1338
1418
1352
980
1340
1360
1344
1433
1332
1472
1338
1523
1432
884
1408
1429
1440
1416
1448
1449
1394
1496
1374
878
1361
1360
1408
1372
1348
1389
1453
1428
1450
1424
1468
1437
1438
1448
1392
1369
1446
1492
1384
1186
1425
1492
1450
1392
1436
1480
1456
1411
1402
1018
1312
1494
1408
1452
1358
1388
1379
1462
1295
1358
1273
1401
1309
1437
1403
1372
1366
1396
1401
1427
1353
1398
1354
1398
1370
1390
1376
1380
1356
1344
1333
1356
1360
1334
1354
1362
1430
1429
1372
1355
1344
1383
1364
1392
1373
1376
1448
1400
1354
1376
1315
1385
1393
1408
1336
1382
1401
1392
1291
1324
1400
1376
1326
1426
1300
1400
1275
1400
931
1309
1394
1411
1378
1334
1362
1430
1376
1472
1366
1355
1362
1376
1384
1412
1292
1384
1330
1411
1358
1336
1393
1366
1428
1417
1299
1417
1364
1396
1394
1344
1374
1389
1381
1429
1356
1344
1341
1385
1308
1356
1288
1304
1361
1369
1376
1402
1360
1452
1328
1378
1310
1392
1354
1440
1223
1400
1384
1349
1353
1357
1368
1436
1350
1382
1408
1450
1392
1408
1368
1344
1341
1340
1318
1320
1372
1300
1296
1373
1358
1388
1365
1358
1374
1369
1330
1356
1441
1416
1344
1426
1371
1384
1386
1371
1360
1416
1392
1414
1369
1364
1342
1379
1356
1429
1355
1419
1376
1376
1366
1408
1363
1262
1272
1358
1306
1419
1310
925
1416
1340
1377
1411
1368
1456
1329
1372
1356
1404
1298
1388
1336
1384
1388
1286
1356
1353
1425
1404
1316
1433
1352
1400
1348
1436
1350
1398
1362
1360
1365
1384
1344
1353
1358
1361
1322
1336
1379
1358
1352
1360
1356
1424
1353
1408
1348
1408
1312
1392
1400
1316
1353
1417
1318
1345
1360
1416
1438
1438
1436
1340
1434
1388
1404
1432
1430
1352
1438
1344
1374
1283
1324
1383
1358
1314
1352
1378
1350
1304
1333
1354
1287
1336
1292
1312
1426
1417
1339
1374
1452
1224
1373
1304
1395
1160
1298
1356
1370
1217
1402
1288
1408
1358
1286
1314
1404
1368
1116
1272
1318
1397
1383
1385
1355
1297
1536
1294
1396
1386
1488
1440
1360
1356
1366
1374
1351
1392
888
1304
1418
1308
1408
1346
1368
1344
1345
1393
1324
1400
1376
1386
1420
1432
1364
1398
1368
1396
1320
1430
1386
1400
1334
1264
1360
1360
1353
1368
1360
1382
1345
1325
1326
1408
1376
1368
1352
1368
1303
1424
1308
1313
1350
1383
1369
1332
1366
1450
1360
1408
1400
1341
1396
1388
1308
1350
1333
1313
1344
1414
1377
1326
1394
1430
1400
1384
1432
1428
1468
1335
1410
1348
1482
1432
1414
1374
1400
1353
1322
1412
1383
1359
1352
1358
1378
1356
1354
1314
1390
1456
1332
1420
1401
1440
1340
1422
1416
1354
1372
1345
1387
1379
1322
1344
1380
1400
1377
1344
1429
1336
1414
1372
1378
1415
1410
1364
1366
1324
1424
1376
1408
1352
1424
1402
1430
1360
1416
1404
1463
1328
1460
1372
1440
1408
1432
1408
1384
1386
1430
1368
1388
1398
1354
1322
1350
1441
1392
1387
1376
1415
1376
1332
1296
1340
1458
1396
1436
1448
1394
1411
1352
1367
1382
1368
1328
1328
1384
1326
1437
1344
1422
1320
1374
1411
1370
1344
1452
1388
1350
1409
1383
1354
1472
1368
1392
1408
1412
1379
1416
1432
1405
1388
1449
1336
1312
1273
1401
1352
1364
1401
1409
1382
1360
1300
1363
1366
1364
1356
1384
1245
1402
1395
1355
1408
1392
1344
1392
1375
1400
1390
1512
1348
1379
1390
1416
1376
1436
1416
1412
1369
1424
1332
1410
1357
1427
1361
1438
1374
1427
1382
1356
1316
1396
1430
1429
1332
1378
1360
1317
1388
1385
1410
1392
1392
1318
1372
1394
1352
1332
1378
1422
1377
1368
1408
1364
1404
1388
1377
1366
1399
1350
1440
1384
1390
1412
1304
1400
1394
1419
1379
1432
1397
1408
1386
1396
1340
1432
1378
1361
1333
1378
1341
1424
1370
1369
1364
1397
1380
1418
1344
1408
1384
1369
1420
1354
1302
1331
1394
1344
1356
1337
1425
1316
1344
1310
1336
1384
1312
1376
1396
1372
1432
1392
1414
1369
1326
1334
1356
1310
1384
1392
1441
1392
1376
940
1392
1364
1372
1334
1384
1329
1392
1385
1430
1400
1392
1422
1369
1297
1376
1440
1408
1453
1372
1399
1355
1433
1321
1402
1384
1424
1417
1356
1368
1403
1414
1394
1388
1324
1376
1289
1408
1392
1400
1334
1380
1362
1356
1369
1381
1344
1396
1324
1424
1385
1340
1420
1376
1416
1377
1336
1352
1368
1396
1390
1416
1384
1344
1392
1376
1395
1379
1328
1380
1392
1352
1336
1365
1372
1344
1448
1392
1401
1430
1446
1360
1408
1388
1344
1321
1382
1348
1348
1392
1368
1382
1334
1465
1395
1344
1379
1408
1366
1320
1350
1395
1380
1320
1332
1344
1252
1408
1390
1404
1424
1393
1412
1430
1402
1372
1450
1408
1402
1371
1358
1368
1372
1294
1364
1379
1420
1418
1420
1392
1385
1400
1416
1370
1382
1398
1444
1408
1455
1388
1393
1378
1432
1418
1432
1392
1412
1436
1400
1441
1346
1351
1276
1368
1414
1414
1362
1447
1334
1352
1357
1370
1378
1270
1280
1297
1338
1292
1011
1352
1370
1353
1414
1484
1448
1386
1424
1414
1370
1328
1456
1392
1400
1317
1387
1418
1348
1374
1348
1357
1344
1420
1376
1381
1467
1325
1429
1372
1362
1355
1344
1396
1357
1394
1344
1416
1374
1328
1424
1410
1414
1350
1376
1340
1324
1325
1364
1436
1384
1395
1382
1321
1361
1364
1412
1417
1341
1344
1368
1364
1332
1360
1368
1404
1394
1364
1376
1419
1389
1298
1352
1337
1394
1296
1414
1296
1456
1435
1400
1389
1448
1344
1400
1372
1370
1433
1444
1379
1384
1376
1366
1380
1360
1416
1364
1401
1440
1347
1390
1454
1353
1344
1351
1435
1400
1380
1361
1437
1340
1348
1421
1360
1313
1372
1368
1410
1338
1419
1435
1304
1353
1368
1408
1412
1352
1352
1422
1356
1366
1342
1488
1422
1351
1318
1438
1374
1384
1414
1398
1366
1418
1372
1344
1292
1396
1414
1396
1376
1362
1355
1356
1415
1308
1288
1349
1417
1379
1396
1268
1412
1395
1308
1376
1326
1376
1404
1440
1291
1347
1472
1452
1376
1417
1433
1468
1420
1440
1484
1464
1492
1433
1436
1426
1452
1468
1378
1410
1401
1464
1430
1433
1400
1440
1404
1511
1409
1472
1382
1465
1424
1468
1402
1444
1425
1440
1460
1420
1478
1465
1496
1444
1511
1476
1428
1450
909
1408
1440
1362
1418
1440
1419
1425
1416
1425
1401
1449
1468
1425
1452
1464
1456
1506
1454
1468
1426
1433
1570
1464
1442
1424
1436
1386
1414
1362
1452
1486
1472
1379
1456
1460
1402
1472
1387
1450
1441
1432
1454
1504
1392
1472
1408
1408
1394
1464
1344
1409
1460
1486
1358
1452
1412
1434
1442
1484
1449
1418
1440
1464
1488
1459
1506
1472
1481
1496
1555
1600
1620
1630
