- Jet Lab
- Date: 2022-12-01 18:34:46
- Step: 3500 motor steps
2147
2216
2150
2170
2267
2219
2264
2182
2028
2076
2073
2106
2150
2154
2164
2160
2084
2284
2146
2148
2288
2476
2390
2297
2304
2312
2290
2452
2424
2344
2232
2278
2248
2332
2376
2432
2344
2137
2336
2224
2232
2126
2211
2344
2310
2244
2145
2072
2236
2100
2168
2182
2150
2204
2008
2104
2096
2058
2088
2172
2072
2124
2124
2176
2204
2104
2156
2096
2098
2108
2136
2018
2016
2114
2072
2100
2006
1912
1828
1866
1868
1920
1411
1771
1669
1748
1752
1732
1746
1684
1721
1696
1616
1553
1747
1744
1712
1570
1680
1581
1574
1568
1544
1648
1679
1491
1610
1504
1465
1367
1415
1517
1578
1494
1481
1376
1442
1388
1436
1458
1368
1379
1303
1422
1476
1428
1350
1456
1340
1472
1402
1398
1544
1546
1539
1478
1424
1426
1560
1480
1492
1586
1454
1528
1510
1544
1578
1496
1536
1492
1476
1512
1514
1568
1468
1465
1570
1600
1528
1544
1504
1560
1544
1514
1496
1507
1478
1538
1500
1456
1554
1484
1494
1526
1472
1484
1469
1430
1510
1482
1560
1462
1540
1476
1520
1488
1490
1500
1553
1468
1480
1496
1398
1468
1326
1356
1447
1488
1496
1504
1464
1329
1408
1379
1320
1384
1332
1360
1283
1296
1368
1424
1368
1328
1442
1366
1319
1388
1404
1399
1300
1419
1412
1398
1331
1434
1410
1412
1380
1304
1256
1330
1370
1352
1416
1411
1364
1416
1360
1416
1376
1380
1422
1384
1396
1370
1458
1382
1388
1420
1358
1280
1272
1358
1236
1370
1398
1378
1393
1344
1400
1376
1396
1436
1374
1400
1388
1422
1374
1430
1358
1384
1372
1351
1449
1364
1428
1427
1321
1456
1335
1345
1333
1388
1356
1456
1397
1410
1387
1400
1385
1372
1378
1427
1380
1420
1456
1348
1296
1308
1344
1332
1364
1374
1400
1376
1352
1394
1344
1267
1321
1330
1392
1364
1376
1408
1472
1384
1222
1267
1227
1251
1324
1408
1440
1394
1434
1339
1369
1376
1417
1388
1408
1376
1398
1401
1386
1408
1400
1344
1353
1383
1419
1388
1369
1380
1328
1380
1364
1466
1409
1446
1366
1430
1492
1428
1338
1435
1346
1405
1385
1379
1360
1347
1367
1344
1376
1252
1322
1314
1368
1436
1348
1393
1388
1364
1382
1381
1398
1396
1321
1440
1410
1472
1446
1372
1380
1373
1440
1316
1376
1420
1374
1373
1376
1364
1409
1331
1398
1344
1408
1351
1381
1368
1354
1365
1347
1444
1386
1414
1400
1440
1450
1390
1339
1390
1379
1404
1297
1322
1238
1376
1424
1408
1342
1328
1360
1318
1330
1378
1330
1353
1368
1322
1330
1380
1373
1396
1408
1317
1380
1411
1393
1435
1425
1384
1324
1432
1425
1384
1331
1408
1368
1370
1440
1376
1412
1355
1364
1395
1336
1296
1346
1416
1366
1398
1341
1394
1472
1386
1382
1428
1392
1392
1492
1450
1424
1398
1428
1398
1370
1326
1252
1269
1408
1324
1269
1274
1276
858
1334
1219
1328
1444
1384
1381
1382
1420
1376
1416
1472
1478
1448
1496
1456
1461
1448
1392
1392
1392
1374
1397
1380
1344
1264
1412
1408
1392
1332
1370
1274
1328
1338
1368
1377
1320
1393
1315
1379
1395
1359
1304
1351
1368
1388
1422
1394
1386
1350
1411
1220
1278
1396
1328
1340
1368
1420
1351
1360
1412
1387
1321
1412
1396
1390
1412
1386
1354
1346
1357
1370
1408
1364
1344
1384
1372
1354
1282
1392
1412
1370
1316
1356
1388
1318
1358
1394
1416
1307
1390
1356
1409
1430
1410
1276
1374
1408
1377
1413
1385
1368
1388
1396
1459
1404
1444
1334
1427
1086
1248
1264
1360
1400
1332
1368
1332
1316
1360
1380
1377
1410
1358
1377
1382
1402
1371
1402
1345
1360
1355
1382
1376
1382
1486
1379
1418
1294
1449
1376
1358
1392
1336
1412
1384
1344
1400
1369
1410
1360
1346
1412
1410
1371
1430
1391
1332
1400
1363
1390
1425
1452
1458
1412
1422
1362
1158
1320
1312
1331
1368
1380
1394
1368
1340
1394
1372
1317
1376
1387
1252
1376
1380
1408
1421
1392
1377
1372
1387
1384
1422
1302
1420
1355
1384
1329
1408
1390
1421
1372
1319
1372
1360
1305
1424
1436
1390
1377
1352
1352
1350
1339
1396
1428
1368
1376
1464
1348
1341
1404
1476
1416
1376
1385
1243
1280
1336
1368
1348
1364
1324
1310
1374
1322
1429
1426
1416
1368
1392
1424
1369
1398
1384
1388
1344
1414
1440
1338
1392
1468
1376
1357
1319
1344
1360
1412
1392
1445
1342
1328
1352
1392
1388
1344
1384
1400
1432
1332
1431
1344
1416
1365
1398
1464
1388
1389
1360
1424
1348
1373
1420
1369
1264
1323
1377
1376
1358
1404
1363
1372
1448
1324
1379
1410
1412
1413
1354
1394
1394
1424
1376
1376
1438
1442
1329
1403
1401
1369
1360
1360
1419
1281
1340
1352
1380
1418
1384
1384
1390
1344
1334
1372
1344
1338
1456
1419
1432
1368
1448
1376
1338
1360
1414
1400
1352
1336
1444
1362
1409
1284
1320
1336
1368
1351
1344
1466
1450
1472
1444
1448
1410
1354
1344
1408
1124
1426
1380
1478
1387
1380
1497
1414
1460
1424
1483
1476
1372
1416
1454
1432
1442
1434
1401
1380
1464
1433
1400
1372
1378
1410
1424
1418
1354
1484
1436
1472
1394
1477
1408
1376
1460
1504
1344
1496
1442
1472
1452
1307
1292
1408
1388
1441
1488
1412
1484
1452
1464
1496
1448
1386
1420
1456
1444
1472
1351
1478
1428
1466
1381
1473
1408
1450
1440
1468
1419
1435
1450
1425
1410
1454
1392
1476
1422
1472
1376
1474
1380
1452
1464
1480
1440
1467
1446
1424
1415
1440
1413
1509
1379
1472
1456
1458
1438
1416
1445
1516
1276
1372
1388
1396
1395
1552
1408
1388
1333
1416
1340
1400
1379
1421
1440
1468
1371
1400
1393
1408
1416
1425
1462
1356
1348
1342
1438
1488
1386
1466
1358
1459
1432
1368
1464
1482
1340
1283
1328
1360
1295
1392
1416
1459
1408
1462
1388
1472
1374
1459
1448
1446
1418
1448
1442
1332
1390
1420
1243
1386
1390
1432
1456
1458
1370
1521
1432
1420
1382
1394
1362
1388
1348
1462
1415
1472
1385
1382
1422
1443
1410
1422
1365
1428
1454
1363
1440
1486
1386
1459
1353
1441
1404
1414
1432
1464
1459
1364
1423
1490
1358
1486
1420
1415
1427
1313
1408
1472
1356
1444
1400
1434
1424
1488
1256
1340
1251
1376
1398
1324
1374
1472
1390
1400
1428
1394
1386
1460
1393
1504
1400
1496
1394
1464
1446
1410
1404
1380
1438
1420
1330
1444
1416
1410
1398
1402
960
1376
1427
1404
1384
1385
1360
1357
1298
1349
1369
1356
1299
1352
1344
1388
1352
1416
1326
1415
1379
1388
1372
1355
1316
1356
1348
1380
1223
1284
1350
1321
1372
1361
1305
1408
1393
1298
1365
1416
1288
1385
1326
1340
1423
1426
1378
1404
1364
1354
1350
1392
1332
1362
1408
1411
1336
1410
1376
1366
1386
1207
1372
1360
1425
1409
1344
1376
1373
1386
1403
1296
1304
1340
1319
1332
1323
1348
1353
1416
1341
1347
1351
1360
1351
1412
1288
1316
1388
988
1410
1238
1339
1370
1394
1360
1336
1418
1360
1408
1338
1443
1398
1408
1360
1394
1331
1403
1368
1369
1369
1388
1340
1440
1372
1356
1354
1369
1432
1390
1364
1360
1381
1442
1384
1360
1368
1386
1390
1415
1392
1400
1336
1328
1352
1385
1334
1373
1417
1392
1352
1372
1380
1232
1348
1337
1366
1380
1326
1384
1394
1308
1185
1380
1344
1348
1390
1286
1292
1364
1350
1376
1333
1330
1390
1440
1346
1392
1286
1428
1416
1387
1398
1428
1380
1328
1399
1356
1340
1389
1344
1426
1428
1382
1347
1332
1371
1360
1365
1383
1344
1332
1344
1388
1339
1372
1333
1386
1322
1369
1365
1322
1396
1305
1395
1376
1404
1422
1386
1362
1388
1392
1404
1388
1344
1300
1302
1398
1336
1381
1328
1330
1332
1403
1419
1344
1340
1370
1328
1473
1283
1405
1355
1392
1336
1450
1381
1412
1370
1367
1345
1446
1328
1350
1429
1394
1361
1405
1419
1398
1310
1404
1345
1346
1359
1356
1392
1424
1408
1288
1332
1360
1324
1368
1384
1282
1334
1374
1304
1396
1385
1377
1354
1397
1316
1368
1427
1420
1349
1337
1372
1340
1360
1384
1329
1388
1335
1384
1314
1394
1400
1408
1392
1356
1348
1420
1392
1427
1373
1404
1324
1364
1374
1384
1320
1364
1282
1422
1323
1326
1356
1386
1328
1400
1416
1392
1309
1228
1319
1270
1361
1360
1400
1396
1336
1378
1436
1398
1396
1353
1337
1410
1344
1372
1360
1390
1336
1339
1306
1348
1384
1403
1288
1414
1394
1412
1280
1410
1290
1436
1402
1352
1342
1418
1348
1413
1334
1411
1376
1344
1331
1352
1332
1357
1368
1310
1356
1412
1363
1412
1426
1368
1325
1378
1310
1299
1369
1462
1386
1372
1294
1412
1452
1394
1408
1420
1334
1337
1324
1351
1361
1344
1349
1379
1322
1443
1395
1341
1384
1424
1287
1394
1382
1398
1344
1282
1403
1388
1314
1458
1307
1438
1352
1390
1320
1408
1395
1392
1292
1348
1344
1339
1361
1382
1326
1391
1408
1347
1334
1381
1420
1370
1320
1373
1334
1384
1346
1432
1353
1404
1336
1415
1403
1422
1374
919
1300
1438
1336
1364
1360
1355
1368
1376
1339
1350
1347
1360
1340
1388
1324
1342
1376
1376
1316
1392
1314
1384
1318
1380
1348
1391
1344
1448
1442
1400
1340
1358
1265
1335
1382
1468
1337
1381
1272
1334
1388
1323
1321
1275
1370
1380
1344
1382
1372
1358
1376
1356
1371
1419
1429
1396
1383
1474
1323
1462
1388
1432
1296
1428
1464
1433
1356
1397
1420
1376
1412
1392
1382
1460
1381
1419
1360
1496
1350
1360
1444
1474
1444
1473
1456
1428
1440
1420
1450
1433
1490
1560
1514
1549
1484
1575
1488
1546
1525
1466
1552
1527
1569
1536
1496
1472
1614
1488
1592
1704
1560
1683
1619
1752
1738
1608
1632
1698
1628
1684
1674
1664
1668
1776
1831
1840
1776
1860
1782
1953
1820
1804
1856
2048
1874
1858
1846
1842
1892
1960
2066
1906
1928
1974
1880
2018
1984
1961
2050
1948
2027
2114
1984
2216
2261
2308
2310
2209
2256
2200
2304
2137
2269
2317
2232
2276
2194
2112
2200
2288
2214
2304
2384
2274
2356
2320
2390
2370
2503
2422
2384
2560
2388
2432
2560
2416
2460
2552
2345
2652
2456
2504
2496
2600
2442
2532
2452
2520
2442
2488
2604
2592
2452
2396
2504
2448
2408
2460
2408
2460
2381
2482
2354
2377
2392
2400
2268
2340
2464
2413
2374
2307
2340
2444
2276
2364
2251
2290
2208
2284
2172
2220
2176
2132
2202
2103
2176
2168
2064
1998
2032
2048
2024
2072
1980
1980
1942
2142
2012
2064
2144
2082
2009
2032
1930
1988
1920
1888
1932
1900
1856
1816
1735
1690
1670
1668
1717
1808
1755
1734
1658
1812
1682
1736
1632
1685
1604
1664
1648
1562
1538
1608
1616
1601
1580
1668
1592
1678
1536
1548
1530
1466
1551
1526
1564
1601
1464
1482
1537
1442
1513
1540
1495
1516
1502
1500
1436
1572
1372
1464
1496
1512
1490
1419
1404
1504
1492
1480
1424
1472
1413
1393
1364
1465
1412
1402
1344
1422
1400
1464
1340
1472
1310
1376
1352
1436
1394
1426
1396
1433
1369
1432
1438
1394
1318
1412
1420
1398
1444
1373
1431
1209
1369
1424
1390
1465
1372
1394
1384
1400
1379
1344
1452
1396
1372
1434
1336
1412
1376
1457
1322
1425
1384
1413
1377
1436
1310
1440
1398
1442
1320
1421
1392
1448
1408
1384
1363
1340
1352
1288
1270
1410
1304
1331
1391
1340
1329
950
1368
1370
1421
1424
1401
1449
1411
1400
1398
1440
1352
1388
1376
1356
1354
1436
1364
1346
1369
1316
1243
1367
1344
1392
1376
1400
1356
1355
1333
1354
1372
1443
1334
1400
1369
1366
1338
1445
1336
1344
1344
1402
1380
1395
1444
1328
1422
1404
1389
1286
1250
1368
1386
1446
1345
1430
1360
1395
926
1338
1357
1384
1400
1476
1456
1408
1354
1432
1324
1352
1377
1332
1400
1438
1320
1409
1384
1276
1344
1372
1383
1376
1358
1438
1305
1308
1392
1340
1366
1334
1349
1472
1352
1312
1374
1354
1330
1379
1338
1392
1352
1434
1449
1364
1382
1388
1285
963
1396
1394
1394
1410
1384
1378
1424
1420
1408
1393
1387
1398
1389
1382
1349
1387
1356
1382
1336
1314
1332
1401
1416
1408
1316
1441
1410
1441
1360
1408
1449
1504
1344
1453
1396
1427
1394
1456
1328
1481
1408
1454
1385
1461
1400
1468
1398
1472
1452
1506
1350
1430
1376
1545
1444
1414
1326
1420
1432
1436
1426
1428
1388
1356
1395
1464
1433
1457
995
1418
1424
1448
1392
1416
1456
1474
1370
1433
1400
1454
1429
1468
1366
1491
1492
1446
1426
1393
1416
1490
1432
1408
1466
1480
1395
1429
1402
1490
1457
1465
1448
1497
1432
1472
1376
1464
1428
1526
1441
1476
1396
1435
1384
1528
1304
1338
1416
1403
1400
1472
1374
1475
1399
1452
1396
1494
1424
1424
1378
1456
1468
1432
1494
1396
1350
1419
1414
1450
1430
1504
1412
1474
1472
1474
1441
1440
1368
1429
1493
1448
1440
1480
1374
1494
1421
1451
1432
1531
1456
1379
1394
1500
1422
1372
1348
1508
1472
1386
1429
1446
1452
1506
1410
1379
1402
1410
1400
1456
1348
1384
1350
1408
1412
1411
1395
1465
1428
1478
1336
1499
1396
1467
1428
1480
1392
1480
1434
1436
1424
1445
1368
1472
1388
1530
1360
1450
1384
1450
1408
1403
1446
1432
1390
1419
1440
1472
1410
1417
1436
1458
1464
1474
1436
1490
1358
1444
1424
1325
1412
1480
1361
1221
1350
1450
1412
1489
1408
1452
1428
1374
1371
1452
1434
1400
1449
1464
1400
1442
1364
1420
1388
1443
1417
1449
1404
1462
1307
1460
1458
1506
1374
1504
1451
1419
1416
1460
916
1425
1457
1477
1358
1473
1368
1488
1395
1392
972
1406
1354
1402
1364
1462
1340
1410
1369
1379
1417
1432
1394
1227
1313
1242
1298
1408
1395
1346
1369
1408
1400
1364
1363
1428
1340
1392
1355
1018
1312
1427
1412
1451
1329
1348
1369
1438
1348
1432
1368
1393
1365
1352
1389
1453
1324
1386
1334
1414
1284
1416
1334
1418
1372
1328
1342
1332
1352
1308
1364
1456
1345
1302
1338
1415
1420
1416
1382
1408
1271
1352
1354
1338
1350
1464
1374
1457
1364
1404
1328
1378
1304
1360
1324
1385
1305
1356
1405
1408
1309
1418
1291
1448
1360
1425
1338
1396
1372
1434
1345
1386
1378
1401
1408
1400
1396
1436
1417
1472
1384
1356
1361
1342
1363
1328
1334
1417
1356
1344
1394
1410
1332
1428
1354
1304
1304
1384
1314
1400
1331
1461
1353
1464
1300
1339
1382
1410
1344
1344
1337
1424
1266
1376
1245
1376
1316
1412
1350
1323
1348
1330
1368
1376
1347
1389
1336
1342
1339
1427
1344
1424
1390
1354
1314
1367
1381
1304
1342
1389
1384
1336
1312
1348
1349
1381
1320
1388
1364
1410
1432
1412
1341
1288
1352
1411
1320
1364
1276
1400
1354
1424
1342
1329
1416
1368
1344
1256
1320
1411
1312
1386
1294
1392
1420
1402
1342
1388
1368
1380
1355
1361
1380
1432
1342
1344
1280
1382
1404
1420
1352
1340
1356
1376
1351
1371
1328
1394
1312
1401
1301
1374
1312
1323
1312
1332
1334
1358
1386
1438
1269
1429
1368
1242
1324
1404
1326
1400
1369
1432
1356
1392
1306
1442
1346
1341
1366
1336
1381
1296
1304
1368
1314
1380
1371
1432
1361
1393
1336
1372
1333
1446
1388
1342
1376
1404
1339
1412
1346
1374
1366
1361
1341
1308
1361
1345
1384
1349
1276
1408
1323
1344
1319
1397
1344
1370
1381
1396
1344
1340
1286
1336
1332
1325
1352
1368
954
1390
1402
1428
1396
1456
1434
1388
1481
1484
1392
1340
1429
1396
1422
1404
1496
1425
1427
1424
1438
1446
1436
1372
1380
1370
1363
1398
1356
1418
1352
1376
1356
1368
1372
1318
1368
1448
1433
1382
1432
1396
1432
1332
1425
1449
1424
1438
1470
1362
1452
1409
1313
1275
1328
1347
1379
1393
1427
1345
1353
1369
1385
1328
1398
1432
1361
1450
1300
1400
1433
1383
1388
1475
1398
1398
1420
1400
1408
1408
1388
1410
1438
1408
1380
1417
1395
1358
1346
1392
1324
1416
1360
1363
1474
1345
1320
1440
1364
1377
1450
1394
1409
1440
1444
1421
1400
1386
1428
1360
1241
1394
1337
1426
1444
1368
1426
1374
1400
997
1379
1420
1368
1381
1394
1445
1366
1460
1416
1438
1390
1436
1415
1400
1424
1402
1396
1437
1468
1384
1361
1414
1422
1315
1444
1389
1420
1377
1390
1336
1408
1333
1408
1375
1400
1412
1408
1392
1369
1400
1420
1380
1386
1456
1344
1324
1379
1299
1294
1360
1344
1363
1414
1425
1482
1333
1369
1466
1363
1378
1368
1396
1344
1369
1372
1424
1412
1418
1362
1422
1354
1427
1460
1412
1376
1391
1424
1414
1401
1416
1368
1356
1410
1398
1399
1368
1384
1369
1351
1410
1406
1360
1408
1304
1408
1315
1442
1396
1361
1378
1418
1393
1368
1364
1422
1371
1403
1394
1522
1388
1388
1421
1353
1382
1390
1459
1420
1390
1430
1392
1416
1384
1354
1404
1323
1368
1372
1419
1370
1434
1393
1334
1452
1388
1442
1234
1412
1386
1420
1452
1408
1401
1357
1371
1374
1456
1422
1383
1362
1412
1366
1405
1340
1404
1374
1336
1420
1429
1452
1380
1348
1366
1408
1259
1466
1404
1356
1376
1346
1334
1417
1356
1411
1438
1356
1433
1394
1408
1416
1401
1372
1361
1411
1420
1458
1380
1373
1348
1334
1376
1444
1379
1377
1388
1350
1416
1426
1402
1370
1433
1255
1331
1253
1270
1292
1270
1390
1376
1360
1418
1472
1385
1408
1414
1460
1488
1432
1388
1411
1412
1468
1283
1408
1436
1372
1500
1384
1365
1428
1437
1378
1368
1350
1403
1440
1401
1400
1396
1352
1376
1394
1397
1385
1353
1420
1394
1408
1399
1420
1386
1440
1356
1312
1318
1386
1380
1336
1423
1346
1377
1412
1365
1310
1508
1411
1421
1398
1412
1384
1431
1438
1344
1416
1372
1410
1355
1429
1368
1376
1325
1308
1319
1336
1385
1397
1412
1417
1404
1432
1399
1334
1382
1373
1464
1472
1286
1408
1289
1385
1315
1416
1382
1400
1392
1425
1380
1441
1352
1404
1358
1388
1452
1364
1406
1396
1344
1360
1368
1366
1388
1368
1441
1341
1368
1400
1418
1382
1389
1384
1436
1398
1340
1392
1370
1336
1353
1342
1356
1356
1350
1381
1427
1384
1412
1475
1384
1420
1344
1410
1373
1432
1437
1404
1337
1361
1254
1390
1420
1360
1416
1366
1394
1458
1414
1399
1372
1376
1337
1424
1424
1397
1392
1433
1368
1395
1396
1414
1395
1368
1426
1422
1408
1384
1409
1396
1415
1332
1388
1422
1336
1379
1427
1296
1396
1345
1352
1312
1328
1379
1378
1414
1388
1403
968
1344
1436
1426
1436
1468
1442
1387
1372
1440
1382
1364
1365
1368
1366
1355
1388
1440
1332
1442
1306
1272
1411
1364
1426
1492
1376
1392
1408
1396
1434
1392
1363
1428
1444
1457
1376
1412
1392
1402
1400
1430
1444
1352
1360
1352
1402
1336
1348
1264
1436
1258
1356
1424
1444
1468
1424
1389
1438
1420
1408
1469
1376
1420
1382
1320
1318
1398
1404
1421
1387
1364
1370
1412
1352
1383
1388
1398
1363
1351
1344
1370
1334
1434
1408
1414
1419
1410
1348
1428
1424
1393
1418
1410
1386
1313
1408
1350
1329
1399
1420
1369
1432
1357
1368
1368
1287
1347
1464
943
1384
1396
1400
1408
1418
1468
1385
1494
1386
1392
1356
1456
1376
1376
1382
1356
1344
1410
1382
1405
1390
1380
1416
1390
1428
1438
1425
1419
1429
1322
1426
1433
1352
1326
1372
1410
1372
1330
1380
1435
1514
1393
1421
1436
1434
1457
1382
1390
1504
1452
1456
1434
1432
1436
1344
1345
1449
1472
935
1493
1364
1437
1424
1456
1396
1416
1432
1489
964
1404
1422
1464
1426
1429
1448
1498
1443
1472
1070
1408
1422
1446
1443
1412
1536
1372
1448
1445
1526
1436
1473
1451
1452
1425
1452
1398
1421
1440
1436
1472
1452
1482
1522
1358
1444
1494
1472
1393
1012
1440
1496
1424
1349
1474
1475
1390
1422
1520
958
1489
1508
1514
1408
1486
1426
1396
1435
1380
961
1426
1457
1484
1462
1427
1418
1434
1445
1392
1408
1459
1488
1481
1479
1572
1540
1536
1465
1558
1125
1477
1488
1542
1562
1496
1578
1417
1510
1460
1067
1546
1472
1514
1520
1508
1468
1536
1540
1538
1590
1440
1456
1556
1529
1652
1601
1516
1561
1546
1580
1582
1532
1550
1632
1585
1608
1610
1656
1023
1688
1544
1604
1632
1652
1612
1608
1600
1614
1696
1601
1666
1719
1728
1772
1856
1792
1842
1799
1808
1714
1840
1832
1819
1950
1960
1968
1914
1498
1984
1990
1930
1980
2082
2032
1932
2120
2048
1749
1970
2004
2144
2130
2124
2084
2256
2268
2196
1806
2254
2180
2322
2368
2296
