- Jet Lab
- Date: 2022-12-01 18:27:54
- Step: 3500 motor steps
1402
1664
1666
1754
1739
1756
1664
1712
1764
1720
1723
1788
1708
1758
1764
1700
1724
1800
1930
1826
1920
1866
1882
1888
1960
2008
1838
1816
1938
1908
1952
1832
1849
1872
1870
2000
1924
1952
2048
2002
1912
1980
1912
2008
1944
1894
1888
1926
1986
2072
2064
2078
2052
1960
2144
1843
1968
2000
1986
2080
2089
2060
1990
2086
2112
2144
2128
2022
2094
2130
1990
2068
2092
2018
2054
2036
2038
1920
1928
1952
2018
2024
2084
2012
1988
1993
2016
1842
2094
1898
1960
2032
1856
1963
2120
1928
1980
1914
1878
1940
1836
1842
1804
1860
1811
1832
1742
1895
1872
1800
1857
1900
1824
1936
1920
1846
2017
2020
2024
1984
1866
1996
1910
2048
2028
2016
1959
1958
1926
2052
2024
1894
1958
1984
1906
1908
1866
2009
1864
1974
1936
1892
1904
1936
1922
2009
1920
1696
1842
1894
1878
1824
1968
1906
1940
1920
1846
1912
1888
1808
1969
1960
1902
1920
1988
2004
1862
1964
1913
1932
1770
1816
1808
1804
1804
1792
1716
1860
1816
1856
1792
1738
1722
1762
1273
1664
1802
1698
1792
1602
1594
1696
1574
1580
1424
1654
1648
1600
1646
1544
1516
1592
1520
1636
1632
1416
1508
1566
1552
1617
1540
1496
1468
1453
1440
1440
1456
1589
1492
1587
1492
1500
1542
1024
1544
1576
1520
1520
1509
1540
1514
1528
1490
1080
1457
1416
1462
1430
1469
1480
1490
1478
1523
1510
1427
1442
1480
1315
1334
1361
1362
1376
1395
1408
1450
1411
1484
1474
1427
1395
1401
1414
1374
1436
1538
1465
1512
1558
1528
1504
1507
1508
1536
1612
1610
1474
1460
1544
1472
1462
1353
1538
1580
1504
1553
1604
1586
1526
1512
1580
1569
1504
1494
1552
1504
1572
1547
1568
1528
1620
1580
1572
1478
1506
1502
1497
1542
1476
1481
1506
1504
1356
1452
1536
1468
1512
1553
1504
1490
1536
1479
1384
1492
1482
1560
1488
1542
1475
1496
1482
1480
979
1376
1400
1402
1398
1448
1404
1448
1309
1376
1401
1396
1400
1356
1382
1400
1363
1452
1373
1409
1393
1364
1381
1427
1376
1435
1378
1422
1353
1413
1306
1334
1274
1291
1250
1360
1376
1376
1412
1456
1424
1390
1438
1445
1472
1417
1486
1331
1348
1327
1280
1366
1416
1392
1382
1388
1372
1323
1352
1397
1380
1449
1360
1336
1376
1434
1424
1422
1393
1408
1420
1412
1376
1420
1363
1424
1390
1416
1388
1345
1362
1328
1362
1388
1432
1436
1372
1408
1427
1379
1440
1392
1370
1377
1448
1280
1394
1300
1408
1347
1354
1420
1388
1383
1395
1276
1331
1363
1358
1392
1368
1414
1390
1380
1344
1398
1391
1357
1404
1440
1348
1349
1401
1373
1410
1408
1386
1378
1370
1420
1432
1376
1446
1386
1324
1412
1436
1400
1392
1444
1398
1457
1456
1424
1378
1382
1336
1366
1400
1334
1379
1356
1408
1362
1388
1448
1376
1395
1439
1374
1384
1412
1432
1262
1231
1240
1320
1348
924
1462
1446
1450
1504
1440
1410
1436
1472
1510
935
1360
1394
1420
1400
1396
1428
1378
1418
1364
1396
1335
1433
1417
1387
1392
1372
1404
1428
1379
1409
1420
1389
1356
1424
1370
1408
1426
1410
1388
1353
1376
1388
1350
1308
1394
1414
1475
1400
1382
1440
1445
1331
1015
1329
1292
1394
1403
1451
1382
1388
1370
1392
1402
1380
1338
1418
1378
1361
1416
1348
1361
1368
1410
1418
1368
1433
1361
1376
1396
1376
1459
1456
1364
1448
1454
1396
1353
1401
1377
1398
1392
1408
1388
1384
1433
1396
1369
1411
1410
1386
1431
1393
1459
1393
1468
1430
1377
1472
1292
1235
1332
1372
1395
1412
1347
1394
1337
1324
1404
1372
1389
1388
1432
1420
1420
1412
1443
1400
1417
1377
1425
1444
1445
1442
1390
1403
1460
1412
1404
1376
1386
1408
1357
1358
1472
1374
1385
1440
1386
1493
1394
1404
1380
1432
1332
1392
1404
1424
1376
1370
1430
1359
1458
1396
1398
1386
1379
1281
1296
1409
1401
1399
1458
1399
1324
1352
1448
1382
1372
1390
1395
1436
1384
1419
1434
1420
1401
1388
1382
1452
1323
1446
1361
1321
1376
1416
1520
1352
1382
1440
1420
1408
1420
1400
1347
1414
1368
1402
1412
1361
1388
1374
1394
1322
1336
1360
1400
1466
1393
1405
1352
1438
1379
1380
1395
1251
1338
1472
1368
1406
1424
1396
1352
1376
1417
1387
1383
1382
1462
1318
1453
1392
1392
1372
1429
1434
1356
1397
1456
1356
1334
1368
1320
1387
1406
1456
1377
1360
1460
1408
1427
1444
1420
1401
1372
1448
1357
1440
1436
1386
1372
1321
1404
1357
1432
1432
1404
1377
1352
1426
1382
1428
1417
1276
1298
1392
1328
1425
1452
1437
1337
1424
1368
1393
1401
1440
1416
1400
1360
1472
1402
1420
1408
1392
1392
1381
1413
1432
1373
1350
1304
1424
1352
1368
1414
1396
1396
1395
1446
1379
1394
1395
1408
1420
1408
1393
1418
1363
1422
1315
1432
1328
1453
1362
1396
1308
1367
1424
1411
1331
1404
1318
1345
1376
1368
1408
1402
1408
1387
1385
1398
1389
1376
1438
1404
1408
1400
1348
1422
1376
1363
1330
1415
1383
1380
1409
1372
1360
1360
1398
1436
1384
1390
1418
1344
1411
1414
1408
1400
1408
1377
1401
1344
1383
1360
1458
1379
1400
1280
1393
1376
1428
1418
1412
1382
1472
1351
1464
1428
1302
1286
1414
1386
1332
1376
1413
1338
1369
1304
1426
1356
1372
1376
1446
1356
1422
1394
1420
1404
1366
1373
1391
1412
1393
1383
1456
1400
1414
1364
1451
1344
1388
1373
1350
1384
1364
1342
1376
1336
1361
1362
1456
1338
1438
1412
1400
1340
1416
1348
1404
1362
1408
1403
1403
1371
1401
1372
1332
1374
1333
1289
1398
1319
1466
1320
1351
1435
1442
1416
1392
1361
1417
1386
1364
1315
1349
1397
1344
1308
1414
1347
1428
1358
1420
1380
1466
1400
1366
1386
1392
1448
1358
1351
1472
1376
1422
1332
1427
1376
1376
1360
1488
1400
1360
1304
1392
1323
1448
1396
1398
1358
1418
1392
896
1324
1415
1496
1408
1450
1504
1428
1450
1392
1392
1448
1424
1456
1496
1382
1443
1410
1460
1388
1450
1455
1486
1396
1482
1384
1422
1396
1464
1456
1460
1450
1500
1420
1456
1494
1521
1448
1504
1416
1540
1404
1512
1424
1452
1401
1480
1414
1458
1400
1465
1382
1392
1366
1474
1404
1496
1344
1452
1332
1408
1430
1456
1428
1480
1440
1410
1360
1536
1418
1436
1348
1436
1451
1479
1436
1458
1440
1438
1444
1461
1404
1400
1376
1456
1472
1446
1378
1382
1458
1462
1418
1508
1454
1460
1350
1496
1393
1448
1442
1448
1342
1356
1306
1420
1352
1348
1432
1474
1392
1468
1454
1580
1472
1440
1467
1476
1441
1408
1458
1546
1416
1528
1488
1572
1476
1432
1460
1512
1522
1474
1392
1524
1456
1516
1442
1528
1512
1556
1464
1529
1420
1488
1492
1472
1458
1509
1492
1600
1482
1492
1408
1510
1434
1562
1486
1446
1427
1497
1507
1524
1504
1530
1478
1552
1413
1540
1368
1506
1461
1496
1514
1496
1424
1592
1474
1476
1396
1435
1360
1468
1404
1416
1378
1460
1408
1468
1443
1414
1456
1483
1464
1492
1404
1513
1430
1482
1402
1490
1468
1518
1488
1553
1376
1508
1465
1456
1433
1474
1386
1492
1420
1448
1465
1450
1462
1520
1428
1489
1414
1466
1410
1516
1448
1508
1385
1468
1474
1442
1412
1531
1472
1452
1448
1376
1380
1398
1338
1346
1346
1280
1245
1250
1274
1341
1340
1360
1321
871
1259
1324
1336
1320
1294
1430
1426
1536
1490
1536
1456
1486
1478
1476
1476
1412
1441
1488
1458
1512
1484
1584
1462
1488
1449
1393
1416
1486
1440
1452
1428
1516
1498
1440
1472
1472
1446
1500
1446
1555
1518
1580
1496
1522
1392
1481
1440
1484
1472
1514
1482
1518
1437
1504
1480
1497
1520
1540
1430
1468
1410
1490
1482
1452
1444
1520
1442
1510
992
1390
1349
1452
1401
1420
1442
1442
1414
1472
1371
1464
1344
1444
1388
1425
1404
1354
1354
1367
1396
1445
1368
1402
1358
1352
1340
1418
1372
1394
1312
1352
1284
1456
1274
1354
1340
1316
1420
971
1418
1360
1386
1510
1448
1461
1404
1472
1384
1380
1396
1378
1383
1376
1328
1338
1344
1412
1426
1380
1398
1420
1300
1328
1386
1377
1347
1401
1394
1380
1376
1362
1400
1395
1395
1434
1339
1428
1389
1371
1328
1368
1328
1380
1456
1416
1380
1384
1297
1410
1347
1351
1314
1304
1344
1284
1392
1368
958
1420
1428
1415
1428
1432
1403
1405
1376
1378
1322
1444
1364
1382
1354
1396
1300
1454
1394
1386
1431
1414
1267
1334
1448
1428
1368
1412
1338
1446
1348
1350
1262
1382
1409
1446
1316
1388
1400
1408
1394
1376
1374
1379
1362
1364
1260
1432
1376
1393
1414
1312
1345
1390
1365
1400
1396
1424
1388
1042
1468
1536
1468
1436
1424
1428
1448
1411
1462
1414
1430
1431
1420
1424
1374
1425
1436
1510
1432
1438
1378
1438
1456
1476
1451
1560
1424
1521
1476
1480
1444
1440
1454
1440
1470
1448
1435
1506
1426
1507
1466
1523
1456
1519
1408
1529
1512
1432
1461
1388
1453
1440
1492
1440
1427
1562
1509
1537
1061
1508
1580
1512
1490
1538
1468
1538
1489
1550
1456
1480
1510
1539
1591
1542
1528
1666
1558
1584
1546
1518
1536
1522
1554
1564
1627
1528
1458
1588
1558
1616
1576
1576
1596
1544
1634
1672
1484
1580
1632
1643
1584
1548
1596
1627
1617
1664
1615
1607
1680
1644
1610
1832
1734
1809
1650
1644
1557
1691
1620
1686
1622
1624
1609
1704
1561
1624
1616
1715
1616
1784
1660
1617
1722
1810
1764
1770
1768
1664
1792
1730
1706
1712
1875
1784
1811
1796
1683
1797
1752
1702
1738
1764
1776
1704
1703
1762
1752
1771
1731
1840
1770
1830
1792
1848
1812
1802
1825
1946
1857
1862
1817
1908
1798
1752
1664
1726
1491
1788
1729
1779
1728
1922
1756
1778
1682
1746
1739
1840
1890
1910
1692
1952
1882
1969
1828
1845
1920
1920
2017
1976
1988
1986
1964
1952
2040
2086
2064
2024
1942
1996
1992
1969
1976
2012
1890
2064
1908
1948
1984
2076
1882
2096
1872
1962
1936
2032
1984
2086
1944
1960
1992
1938
1920
1948
1840
2089
1954
2001
1934
1936
1920
2016
2008
1888
1934
1969
1904
1932
1804
1920
1928
1972
1906
1892
1966
1932
1770
1821
1784
1954
1872
1948
1644
1836
1731
1744
1694
1717
1644
1763
1672
1715
1656
1792
1700
1740
1675
1606
1676
1800
1560
1574
1683
1656
1314
1584
1648
1619
1670
1760
1642
1712
1648
1698
1735
1698
1618
1648
1722
1764
1685
1752
1660
1688
1672
1632
1690
1672
1664
1738
1596
1694
1582
1688
1618
1657
1594
1650
1564
1656
1657
1618
1641
1662
1580
1674
1640
1693
1590
1676
1560
1576
1596
1577
1609
1556
1556
1632
1494
1482
1514
1531
1524
1488
1520
1536
1500
1484
1547
1496
1382
1526
1481
1540
1476
1474
1448
1492
1460
1507
1436
1512
1498
1553
1466
1440
1484
1536
1551
1473
1482
1480
1460
1422
1444
1484
1472
1456
1437
1423
1472
1456
1394
1364
1392
1420
1384
1432
1457
1464
1440
1462
1489
1510
1468
1378
1369
1360
1368
1408
1418
1436
1464
1506
1488
1433
1498
1401
1458
1461
1393
1510
1423
1507
1414
1448
1366
1414
1416
1442
1378
1476
1386
1472
1422
1440
1412
1426
1380
1420
1376
1419
1440
1427
1368
1400
1374
1408
1358
1398
1452
1436
1373
1408
1395
1376
1400
1404
1376
1408
1416
1424
1422
1220
1283
1397
1292
1428
1374
1372
1436
1429
1414
1415
1446
1396
1433
1466
1382
1347
1383
1382
1356
1402
1336
1436
1344
1408
1348
1432
1368
1420
1344
1372
1374
1412
1376
1366
1355
1384
1393
1342
1393
1464
1362
1404
1359
1392
1386
1446
1380
1354
1398
1412
1326
1397
1392
1385
1377
1354
1340
1318
1402
1386
1384
1408
1392
1394
1333
1371
1302
1443
1368
1378
1378
1324
1356
1414
1388
1378
1388
1401
1365
1444
1360
1393
1366
1432
1425
1304
1386
1381
1364
1333
1341
1388
1348
1385
1344
1364
1233
1482
1328
1468
1427
1426
1364
1467
1395
1472
1413
1392
1396
1368
1387
1412
1396
1240
1309
1348
1312
1368
1392
1355
1368
1392
1314
1422
1331
1402
1432
1364
1431
1404
1411
1427
1480
1392
1358
1416
1307
1416
1312
1383
1349
1360
1354
1382
1340
1400
1398
1416
1372
1420
1350
1417
1312
1378
1316
1501
1369
1377
1347
1394
1436
1370
1412
1280
1366
1408
1311
1364
1380
1328
1383
1350
1324
1291
1344
1344
1408
1360
1331
1421
1413
1397
1376
1376
1236
1472
1344
1452
1339
1363
1376
1427
1372
1387
1344
1368
1388
1363
1348
1390
1346
1409
1360
1388
1386
1350
1316
1400
1400
1292
1374
1316
1278
1282
1243
1312
1280
1370
924
1432
1342
1342
1408
1420
1392
1312
1419
1449
1345
1251
1312
1386
1329
1378
1322
1376
1342
1448
1346
1358
1364
1408
1341
1344
1318
1383
1367
1440
1336
1480
1390
1346
1377
1431
1330
1447
1365
1386
1336
1408
1385
1368
1426
1368
1386
1396
1369
1350
1396
1356
1396
1388
1442
1383
1341
1340
1338
1265
1317
1402
1284
1344
1382
1415
1396
1376
1315
1265
1277
1314
1376
1416
1340
1404
1380
1434
1360
1432
1377
1404
1437
1328
1330
1398
1409
1400
995
1428
1385
1398
1366
1467
1459
1456
1433
1460
969
1409
1472
1443
1401
1434
1524
1473
1420
1400
1417
1460
1440
1432
1396
1409
1370
1432
1392
1404
988
1404
1460
1451
1420
1496
1396
1468
1324
1356
933
1446
1385
1441
1419
1440
1430
1449
1366
1490
1481
1400
1419
1500
1451
1446
1388
1466
1408
1444
1356
1388
1362
1460
1428
1484
1428
1398
1422
1408
1392
1486
1414
1488
1424
1504
1412
1511
1477
1456
1392
1451
1388
1427
1372
1430
1420
1396
1394
1500
1445
1428
1506
1460
1447
1455
1373
1384
1370
1360
1344
1421
1396
1431
1348
1459
1323
1458
1105
1457
1448
1420
1428
1458
1450
1478
1415
1420
1466
1452
1418
1456
1448
1528
1424
1490
1384
1464
1467
1444
1420
1448
1468
1458
1435
1457
1408
1486
1416
1424
1428
1412
1384
1420
1420
1426
1380
1480
1426
1464
1411
1447
1476
1464
1425
1354
1324
1436
1452
1372
1456
1452
1472
1404
1408
1408
1413
1479
1358
1508
1398
1488
1417
1406
1424
1426
1418
1428
1383
1432
1408
1416
1501
1490
1426
1430
985
1368
1398
1428
1481
1473
1446
1445
1395
1456
998
1446
1479
1444
1400
1416
1400
1449
1456
1504
1450
1432
1356
1364
1434
1438
1354
1350
1388
1460
1450
1488
1376
1448
1376
1505
1420
1443
1368
1458
1394
1468
1370
1444
1428
1485
1448
1567
1386
1478
1315
1369
1404
1477
1374
1466
1416
1432
1259
1452
1418
1425
1312
1445
1344
1443
1344
1456
1390
1392
1340
1384
1388
1438
1352
1412
1309
1379
1350
1401
1372
1406
1317
1403
1344
1372
1316
1353
1386
1396
1409
1408
1324
1376
1346
1404
1340
1418
1372
1376
1333
1384
1363
1348
1333
1398
1368
1394
1362
1362
1362
1408
1432
1348
1336
1401
1408
1392
1344
1340
1361
1416
1348
1376
1284
1244
1272
1348
1310
1326
1329
1301
967
1248
1194
1225
1280
1238
1326
1233
1208
1332
1195
1293
1324
1328
1288
1364
1289
1369
1333
1422
1383
1480
1465
1388
1119
1390
1252
1398
1419
1332
1464
1249
1341
1478
1300
1360
1368
1419
1268
1419
1344
1516
1317
1473
1395
1400
1366
1420
1356
1387
1361
1219
1256
1426
1376
1409
1344
1363
1344
1286
1275
1318
1440
1403
1488
1386
1397
1364
1379
1400
1390
1288
1460
1388
1349
1626
1330
1334
1334
1388
1454
1415
1257
1318
1264
910
1422
1396
1421
1420
1416
1418
1464
1414
1444
916
1363
1441
1250
1413
1355
1320
1334
1408
1330
1392
1382
1340
1344
1372
1384
1224
1354
1303
1324
1402
1400
1248
1338
1378
1293
1290
1448
1300
1225
1220
1166
1313
1349
1427
1280
1398
1425
1456
1408
1400
1368
1399
1350
1380
1416
1368
1336
1462
937
1246
1267
1360
1421
1392
1416
1402
1410
1317
1340
1335
1456
1378
1426
1376
1352
1504
1468
1432
1417
1432
1422
1394
1376
1371
1394
1378
1424
1358
1372
1252
1364
1299
1344
1413
1250
1297
1219
930
1344
1360
1368
1392
1447
1457
1360
1436
1434
1466
1350
1436
1464
1459
1452
1456
1412
1394
1458
1244
1305
1444
1344
1408
1355
1276
1396
1321
1007
1444
1419
1458
1452
1440
1377
1408
1349
1376
1456
1447
1441
1510
1452
1424
1457
1460
1424
1388
1393
1387
1432
1400
1393
1328
1374
1366
1364
1345
1374
1297
1351
1372
1392
1428
1336
1430
1420
1400
1379
1350
1440
1404
1376
1320
1419
1408
1363
1360
1440
1385
1405
1394
1395
1414
1400
1488
1404
1417
1344
1368
1381
1372
1450
1390
1338
1302
1291
1389
1422
1337
1328
1392
1384
1400
1388
1394
1356
1362
1417
1390
1430
1400
1360
1400
1236
1324
1257
1355
1392
1405
1362
1401
1380
1430
1399
1272
1392
1463
1367
1362
1349
1392
1426
1362
1398
1456
1286
1366
1391
1424
1368
1354
1408
1326
1346
1377
1400
1446
1360
1400
1431
1424
1423
1344
1433
1376
1376
1380
1390
1400
1452
1376
1424
1392
1478
1427
1432
1384
1447
1328
1400
1388
1348
1364
1420
1415
1380
1340
1380
1408
1430
1394
1408
1310
1308
1312
1324
1384
1238
1345
1349
1478
1446
1459
1342
1408
1428
1430
1004
1376
1395
1415
1449
1300
1444
1371
1352
1360
1408
1332
1444
1289
1258
1294
1360
1412
1441
1434
1438
1456
1376
1412
1346
1448
1436
1432
1404
1445
1416
1404
1284
1287
1412
1360
1414
1296
1331
1433
1392
1434
1420
1364
1452
1468
1359
1419
1424
1434
1385
1336
1380
1432
1400
1386
1376
1412
1356
1449
1422
1312
1352
1380
1408
1404
1414
1401
1431
1278
1429
1411
1424
1365
1417
1388
1426
1448
1368
1420
1436
1452
1367
1458
1331
1408
1475
1344
1352
1375
1328
1364
1337
1416
1332
1404
1408
1347
1360
1390
1424
1341
1374
1354
1440
1344
1404
1414
1404
1380
1331
1288
1384
1358
1400
1486
1416
1386
1394
1382
1308
1437
1304
1220
1364
1358
1448
1384
1401
1346
1416
1352
1425
1362
1331
1456
1436
1376
1460
1392
1434
1400
1341
1348
1383
1384
1388
1349
1202
1355
1334
1308
1376
1428
1320
1372
1384
1408
1383
1405
1414
1408
1334
1362
1366
1388
1450
1428
1428
1394
1372
1357
1451
1342
1416
1373
1336
1383
1267
1328
1224
1264
1172
1329
1336
1348
1347
1456
1436
1508
1472
1502
1491
1490
1430
1456
1490
1376
1428
1416
1428
1456
1441
1390
1408
1280
1384
1305
1382
1396
1378
1392
1392
1320
1350
1402
1345
1002
1271
1304
1246
1184
1300
1224
1284
1291
1358
1346
1432
1304
1355
1427
1316
1368
1512
1500
1377
1441
1400
1338
1384
1357
1347
1377
1372
1337
1403
1350
1452
1496
1504
1489
1500
1504
1525
1508
1460
1162
1560
1537
1450
1433
1464
1351
1392
1524
1400
1320
1320
1276
1269
1341
1411
1367
1171
1250
1377
1364
1241
1241
1220
1188
1238
1123
1296
1243
1242
1174
1324
1288
1273
1228
1289
1214
1231
1187
1232
1144
1224
1206
1314
1200
1254
1256
1208
1083
1256
1244
1184
1264
1340
1292
1308
1410
1336
1376
1240
1382
1409
1296
1374
1401
1479
1512
1490
1504
1458
1390
1304
1367
1444
1420
1411
1395
1384
1437
1335
1488
1460
1372
1452
1411
1345
1396
1336
1440
1475
1414
1356
1304
1436
1504
1404
1400
1418
1450
1292
1454
1366
1376
1408
1357
1446
1388
1412
1452
1376
1326
1468
1378
1436
1416
1504
1389
1396
1408
1230
1462
1444
1420
1347
1360
1443
1324
1336
1332
1344
1283
1369
1350
1300
1296
1377
1498
1402
1488
1360
1362
1400
1428
1366
1284
1300
1322
1357
1306
1280
1252
1286
1288
1284
1350
1322
1216
1338
1357
1416
1361
1464
1363
1341
1441
1468
1402
1472
1475
1397
1404
1433
1338
1394
1394
1382
1382
1400
1376
1382
1408
1408
1365
1447
1408
1414
1408
1412
1504
1440
1376
1486
1484
1392
1426
1474
1504
1427
1332
1240
1392
1384
1372
1324
1369
1247
1278
1328
1394
1400
1378
1300
1334
1436
1278
1352
1338
1422
1173
1420
1333
1323
1292
1350
1418
1401
1402
1256
1302
1322
1442
1091
1376
1404
1392
1416
1338
1376
1378
1295
1528
1228
1268
1496
1552
1349
1526
1361
1307
1403
1341
1339
1483
1277
1408
1388
1468
1438
1513
1537
1460
1468
1510
1376
1580
1494
1478
1516
1428
1545
1628
1437
1664
1478
1586
1644
1656
1786
1748
1812
1764
1706
1776
1714
1830
1752
1796
1785
1814
1820
1766
1826
1776
1725
1763
