- Jet Lab
- Date: 2022-12-01 18:44:36
- Step: 3500 motor steps
952
1284
1366
1368
1376
1444
1264
1326
1363
1362
1329
1318
1286
1281
1427
1232
1310
1321
1304
1426
1454
1506
1456
1453
1441
1472
1497
1525
1416
1497
1502
1481
1418
1464
1476
1472
1513
1512
1524
1472
1516
1512
1524
1524
1450
1476
1500
1446
1549
1504
1528
1484
1468
1326
1438
1520
1456
1548
1468
1546
1434
1444
1486
1589
1520
1428
1561
1545
1504
1511
1490
1476
1550
1464
1459
1506
1472
1488
1568
1446
1418
1511
1536
880
1351
1408
1408
1313
1350
1366
1394
1370
1352
1392
1374
1414
1452
1325
1410
1422
1401
1350
1444
1396
1376
1408
1288
1289
1284
1368
1256
1316
1238
1467
1370
1395
1443
1449
1400
1340
1477
1357
1380
1408
1414
1452
1384
1422
1449
1364
1452
1408
965
1374
1436
1430
1449
1418
1432
1385
1408
1228
1358
1296
1320
1236
1324
1382
1400
1340
1376
1335
1336
1267
1396
1336
1458
1385
1536
1524
1480
1436
1593
1466
1491
1510
1500
1508
1546
1423
1422
1554
1468
1508
1488
1500
1498
1462
1516
1496
1536
1414
1512
1437
1452
1490
1608
1482
1558
1490
1494
1505
1546
1488
1436
1408
1537
1457
1544
1554
1566
1468
1536
1492
1499
1550
1536
1493
1512
1512
1489
1574
1490
1457
1460
1490
1528
1421
1512
1524
1472
1430
1418
1416
1384
1420
1452
1396
1250
1360
1356
1414
1384
1451
1497
1390
1402
1436
1422
1430
959
1352
1418
1436
1472
1355
1398
1374
1408
1400
1404
1362
1392
1344
1364
1304
1344
1308
1319
1360
1444
1446
1438
1432
1474
1488
1456
1457
1441
1457
1377
1452
1404
1308
1384
1364
1446
1410
1358
1411
1385
1360
1372
1316
1388
1253
1304
1390
1423
1390
1436
1452
1497
1478
1488
1500
1549
1524
1504
1452
1524
1516
1504
1484
1500
1544
1504
1528
1516
1486
1540
1516
1552
1514
1506
1456
1537
1498
1536
1504
1528
1524
1510
1486
1509
1520
1556
1536
1488
1496
1508
1494
1494
1492
1486
1526
1478
1456
1546
1508
1518
1512
1536
1474
1399
1442
1498
1456
1492
1388
1556
1520
1569
1528
1513
1472
1494
1514
1529
1424
1434
1436
1416
1424
1368
1412
1385
1372
1408
1440
1508
1411
1416
1394
1466
1397
1392
1400
1416
1376
1366
1420
1382
1268
1392
1408
1366
1421
1390
1414
1448
1464
1425
1354
1426
1442
1424
1416
1357
1412
1376
1461
1304
1358
1345
1460
1376
1436
1383
1348
1443
1344
1376
1440
1451
1368
1376
1380
1398
1404
1396
1416
1436
1400
1448
1436
1420
1416
1444
1433
1424
1444
1344
1427
1395
1436
1438
1428
1388
1345
1365
1392
1402
1450
1398
1433
1436
1432
1424
1449
1408
1424
1388
1390
1432
1436
1440
1404
1364
1251
1268
1416
1354
1430
1272
1368
1359
1402
974
1398
1426
1443
1432
1394
1450
1368
1382
1340
1432
1376
1422
1394
1499
1388
1384
1396
1416
1446
1452
1428
1416
1424
1440
1369
1451
1400
1400
1330
1355
1425
1392
1434
1441
1312
1361
1356
1408
981
1395
1362
1384
1436
1456
1436
1412
1366
1385
1217
1379
1379
1401
1344
1388
1328
1390
1428
1358
1443
1424
1374
1446
1363
1352
1391
1392
1365
1447
1435
1430
1376
1402
1408
1376
1426
1366
1436
1420
1440
1422
1394
1344
1424
1484
1465
1394
1442
1398
1462
1458
1420
1404
1362
1408
1456
1385
1412
1394
1379
1380
1332
1488
1420
1427
1430
1412
1282
1339
1378
1412
1417
1352
1464
1368
1434
1355
1462
1466
1460
1412
1441
1422
1396
1452
1416
1404
1348
1392
1395
1393
1283
1376
1408
1441
1415
1389
1368
1416
1418
1414
1394
1432
1402
1456
1454
1422
1432
1420
1366
1395
1352
1396
1413
1418
1390
1424
1376
1388
1356
1432
1424
1444
1396
1282
1374
1440
1384
1482
1445
1392
1338
1372
1334
1364
1444
1438
1390
1360
1380
1410
1426
1394
1418
1432
1395
1466
1456
1396
1332
1452
1344
1432
1354
1356
1468
1467
1400
1352
1472
1420
1380
1402
1404
1459
1364
1394
1398
1332
1358
1422
1462
1408
1400
1402
1372
1420
1449
1452
1420
1422
1376
1284
1340
1384
1436
1402
1431
1358
1416
1409
1452
1420
1364
1374
1457
1397
1396
1392
1456
1439
1468
1351
1376
1458
1443
1395
1361
1387
1474
1420
1411
1376
1408
1472
1430
1404
1446
1421
1420
1424
1393
1432
1456
1424
1292
1403
1364
1363
1409
1398
1418
1378
1401
1436
1370
931
1432
1366
1337
1428
1382
1450
1530
1436
1402
1536
1458
1512
1512
1464
1473
1499
1468
1523
1418
1492
1474
1416
1436
1464
1544
1512
1465
1424
1484
1466
1500
1448
1502
1487
1436
1510
1432
1483
908
1412
1507
1465
1440
1476
1496
1513
1462
1450
967
1516
1449
1436
1468
1466
1490
1468
1484
1472
1008
1266
1376
1484
1465
1484
1500
1450
1484
1472
1472
1457
1428
1496
1353
1420
1424
1456
1466
1508
1444
1484
1468
1440
1408
1500
1422
1494
1540
942
1488
1472
1468
1452
1334
1408
1400
1440
1476
1480
1448
1340
1526
1504
1520
1460
1371
1544
1579
1464
1411
1440
1474
1432
1480
1475
1440
1420
1446
1376
1384
1494
1420
1536
1491
1424
1456
1436
1392
1468
1545
1469
1488
1446
1436
1484
1400
1510
1409
1438
1422
1428
1452
1420
1468
1484
1440
1376
1452
1404
1454
1492
1433
1481
1442
1456
1452
1428
1433
1390
1394
1488
1446
1480
1444
1493
1472
1510
1420
1524
1440
1484
1420
1460
1478
1540
1414
1444
1314
1416
1356
1506
1440
1488
1355
1484
1417
1477
1417
1510
1411
1509
1507
1466
1546
1432
1442
1512
1490
1456
1449
1488
1368
1428
1461
1472
1484
1468
1466
1484
1464
1418
1473
1550
1444
1472
1447
1468
1464
1468
1472
1468
1450
1404
1424
1508
1440
1497
1404
1520
1461
1458
1428
1444
1514
1488
1360
1398
1400
1480
1460
1392
1436
1454
1504
1500
1392
1536
1004
1422
1424
1408
1409
1456
1384
1397
1404
1416
1348
1401
1308
1376
1340
1388
1273
1350
1276
1334
1426
1421
1474
1489
1500
1540
1484
1520
1464
1486
1414
1508
1472
1507
1472
1500
1462
1540
1428
1520
1507
1524
1459
1524
1510
1504
1382
1428
1446
1502
1512
1502
1433
1508
1520
1564
1512
1536
1490
1518
1486
1514
1488
1560
1478
1580
1441
1540
1476
1528
1492
1542
1444
1528
1522
1504
1524
1570
1478
1472
1490
1550
1482
1576
1488
1496
1390
1488
1432
1472
1448
1416
1388
1430
1376
1393
1360
1450
1344
1400
1370
1416
1456
1402
1284
1288
1420
1396
1426
1337
1397
1329
1372
1373
1376
1428
1426
1428
1424
1424
1392
1450
1379
1432
1366
1420
1440
1416
1372
1474
1329
1444
1372
1406
1462
1371
1368
1422
1324
1438
1420
1414
1418
1428
1376
1441
1428
1436
1418
1388
1332
1422
1353
1421
1379
1458
1364
1382
1380
1368
1408
1419
1300
1352
1334
1350
1393
1384
1411
1344
1388
1424
1400
1400
1392
1396
1412
1417
1394
1418
1373
1388
1408
1388
1398
1420
1395
1388
1352
1408
1447
1464
1402
1368
1379
1400
1338
1396
1457
1396
1392
1404
1408
1372
1392
1416
1336
1340
1395
1532
1424
1432
1410
1458
1376
1402
1334
1392
1350
1324
1260
1386
1340
1454
1442
1408
1280
1334
1377
1424
1400
1435
1395
1412
1450
1370
1412
1416
1384
1392
1404
1452
1368
1364
1424
1479
1377
1458
1340
1368
1334
1432
1382
1465
1472
1379
1408
1419
1394
1456
1372
1398
1402
1412
1384
1396
1414
1440
1392
1424
1370
1430
1447
1394
1423
1422
1372
1336
1352
1376
1372
1433
1336
1466
1392
1402
1417
1441
1398
1432
1394
1444
1414
1376
1356
1418
1368
1427
1414
1464
1380
1444
1389
1416
1338
1412
1386
1440
1416
1424
1405
1400
1366
1433
1412
1440
1153
1324
1295
1304
1225
1289
1284
1297
1250
1334
1322
1472
1468
1528
1564
1499
1382
1537
1472
1425
1433
1492
1432
1562
1467
1552
1502
1504
1425
1552
1504
1536
1462
1522
1459
1468
1496
1536
1491
1376
1472
1544
1468
1570
1480
1501
1475
1477
1493
1543
1445
1530
1456
1526
1467
1508
1496
1513
1448
1556
1454
1578
1476
1529
1492
1489
1513
1540
1444
1570
1464
1477
1472
1448
1520
1536
1460
1536
1344
1372
1360
1383
1288
1411
1378
1432
1368
1398
1405
1349
1432
1402
1367
1420
1384
1461
1386
1408
1376
1424
1426
1460
1388
1408
1385
1436
1385
1272
1340
1457
1374
1409
1363
1484
1408
1422
1347
1416
1410
1376
1361
1363
1376
1404
1415
1415
1349
1408
1379
1372
1408
1414
1395
1393
1478
1339
1328
1434
1408
1433
1401
1446
1378
1478
1340
1397
1418
1438
1394
1360
1394
1380
1388
1432
1337
1431
1428
1489
1314
1454
1396
1474
1427
1464
1425
1424
1414
1484
1420
1384
1384
1430
1424
1433
1350
1309
1336
1329
1272
1408
1318
1282
1285
1459
1456
1426
1408
1452
1404
1430
1402
1416
1404
1362
1376
1452
1417
1334
948
1380
1368
1434
1388
1399
1290
1414
1388
1414
1379
1452
1370
1414
1347
1458
1446
1432
1379
1381
1404
1420
1468
1468
1381
1414
1373
1440
1364
1412
1372
1468
1312
1462
1376
1475
1436
1432
1408
1457
1456
1360
1409
1372
1415
1427
1440
1433
1384
1441
1384
1438
1357
1320
1356
1404
1393
1408
1368
1408
1372
1432
1412
1450
1428
1436
1376
1376
1426
1446
1396
1432
1387
1398
1448
1392
1204
1456
1443
1358
1392
1415
1394
1414
1408
1392
1320
1464
1388
1425
1363
1424
1409
1456
1354
1376
1438
1453
1339
1402
1459
1430
1409
1438
1376
1436
1362
1426
1390
1480
1300
1340
1356
1414
1389
1396
1464
1431
1397
1452
1438
1466
1386
1440
1428
1402
1412
1484
1348
1400
1326
1412
1366
1449
1364
1400
1326
1408
1352
1468
1276
1384
1364
1438
1385
1401
1368
1408
1446
1484
1356
1436
1370
1408
1448
1364
1434
1421
1344
1434
1400
1456
1350
1472
1440
1360
1388
1424
1232
1368
1457
1324
1380
1383
1358
1373
1459
1379
1480
1448
1422
1472
1468
1377
1464
1440
1400
1480
1376
1416
1344
1414
1404
1380
1382
1349
1392
1372
1318
1396
1356
1408
1414
1448
1356
1384
1396
1336
1382
1447
1397
1433
1338
1352
1362
1408
1396
1422
1418
1508
1396
1358
1332
1398
1414
1440
1304
1359
1400
1384
1328
1456
1368
1362
1448
1434
1422
1465
1410
1382
1389
1367
1380
1424
1390
1376
1393
1392
1434
1472
1402
1430
1442
1440
1456
1422
1408
1435
1299
1412
1358
1432
1381
1420
1408
1384
1392
944
1398
1400
1424
1378
1395
1464
1400
1456
1354
1419
1420
1465
1516
1372
1395
1396
1216
1348
1426
1433
1372
1424
1308
1476
1400
1399
1382
1472
1416
1419
1504
1418
1394
1480
1411
1435
1368
1417
1326
1361
1376
1425
1422
1349
1409
1440
1404
1416
1368
1348
1344
1396
1408
1472
1378
1444
1372
1428
1356
1426
1390
1426
1394
1465
1373
1424
1416
1418
1408
1428
1426
1459
1441
1348
1371
1414
1416
1336
1359
1390
1296
1344
1376
1484
1377
1438
1412
1425
1344
1388
1424
1484
1350
1433
1395
1423
1368
1416
1368
1363
1456
1422
1345
1338
1452
1416
1402
1444
1350
1412
1388
1428
1408
1402
1386
1408
1340
1376
1420
1408
1454
1408
1459
1456
1430
1388
1380
1432
1347
1386
1368
1369
1402
1361
1404
1432
1288
1444
1348
1444
1314
1408
1340
1433
1337
1424
1401
1432
1364
1424
1364
1360
1398
1424
1396
1422
1411
1474
1364
1464
1441
1448
1376
1472
1359
1446
1358
1409
1408
1414
1346
1386
1404
1408
1247
1364
1368
1464
1410
1404
1379
1426
1380
1392
1344
1462
1402
1472
1280
1344
1385
1284
1396
1412
1430
1392
1372
1443
1344
1381
1371
1440
1328
1424
1352
1437
1496
1477
1464
1472
1408
1486
1457
1452
1486
1006
1460
1526
1432
1460
1460
1440
1488
1528
1411
932
1396
1474
1496
1504
1474
1536
1416
1486
1418
936
1454
1464
1428
1520
1430
1430
1398
1544
1427
1372
1398
1484
1416
1492
1444
1504
1472
1480
1440
1506
1424
1492
1372
1522
1436
1474
1413
1504
1352
1449
1350
1492
1492
1496
1464
1528
1408
1481
1446
1416
1478
1508
1469
1465
1454
1524
1472
1500
1475
1472
1442
1504
1478
1484
1432
1481
1518
1510
1448
1516
1420
1520
1408
1449
1454
1460
1472
1362
1353
1440
1464
1442
1428
1468
1462
1472
1456
1521
1488
1512
1520
1486
1418
1528
1452
1490
1444
1491
1545
1475
1416
1490
1426
1460
1416
1485
1486
1460
971
1528
1473
1448
1506
1489
1416
1560
1370
1513
1490
1504
1464
1460
1356
1436
1436
1468
1489
1426
1408
1442
1414
1508
1483
1486
1478
1444
1440
934
1473
1468
1398
1484
1464
1424
1458
1386
1443
1005
1520
1509
1392
1510
1498
1536
1488
1504
1493
1260
1457
1506
1544
1477
1408
1496
1442
1500
1416
1492
1408
1448
1480
1488
1480
1472
1441
1496
1410
934
1452
1422
1414
1464
1472
1513
1392
1452
1476
941
1400
1441
1427
1456
1491
1412
1420
1485
1428
960
1410
1460
1450
1476
1530
1452
1454
1508
1356
942
1476
1484
1376
1424
1446
1524
1492
1496
1417
1488
1420
1468
1480
1436
1411
1478
1478
1536
1468
1429
1360
1484
1376
1421
1395
1477
1392
1417
1367
1384
1395
1328
1415
1450
1422
1433
1392
1409
1392
1480
1387
1420
1353
1300
1378
1314
1386
1420
1416
1434
1464
1396
1478
1416
1518
1451
1398
1472
1400
1473
1398
1429
1426
1406
1424
1417
1336
1413
1384
1398
1409
1458
1336
1433
1366
1436
1428
1369
1368
1447
1414
1478
1381
1496
1404
1418
1411
1488
1404
1452
1411
1392
1410
1448
1360
1372
1372
1490
1424
1502
1434
1328
1456
1392
1417
1403
1440
1356
1380
1442
1423
1354
1347
1458
1400
1424
1370
1462
1452
1421
1396
1401
1396
1396
1418
1500
1408
1413
1393
1460
1363
1456
1408
1455
1408
1402
1376
1492
1443
1316
1403
1488
1435
1420
1367
1472
1395
1395
1342
1420
1383
1440
1391
1428
1456
1440
1392
1421
1296
1296
1393
1390
1364
1457
1392
1428
1370
1395
1352
1417
1376
1428
1403
1432
1365
1496
1362
1438
1353
1402
1388
1383
1408
1468
1327
1388
1404
1412
1444
1438
1416
1497
1415
1429
1348
1456
1408
1416
1374
1440
1444
1435
1412
1389
1402
1427
1377
1440
1397
1456
1426
1398
1366
1492
1388
1451
1291
1392
1450
1428
1408
1322
1408
1480
1400
1496
1394
1408
1420
1432
1408
1400
1314
1376
1392
1475
1386
1489
1414
1493
1340
1440
1446
1472
1427
1431
1384
1444
1382
1354
1384
1436
1428
1500
1338
1368
1380
1492
1376
1432
1426
1468
1446
1452
1354
1460
1445
1430
1408
1459
1333
1436
1414
1244
1392
1411
1382
1475
1309
1469
1421
1416
1417
1496
1408
1448
998
1408
1436
1504
1411
1376
1352
1453
1374
1458
1411
1414
1468
1408
1384
1416
1449
1476
1424
1385
1392
1408
1384
1476
1376
1472
1344
1424
1346
1386
1460
1436
1376
1468
1383
1402
1438
1452
1410
1454
1393
1478
1438
1372
1490
1428
1408
1348
1396
1386
1418
1428
1425
1411
1388
1476
1452
1450
1392
1408
1384
1449
1367
1380
1384
1396
1361
1416
1388
1425
1364
1450
1420
1452
1440
1376
1360
1536
1354
1452
1404
1473
1416
1408
1392
1420
1353
1438
1412
1472
1360
1431
1340
1393
1454
1485
1358
1408
1394
1500
1411
1419
1324
1416
1420
1408
1376
1397
1448
934
1472
1393
1432
1436
1346
1484
1425
1354
1462
1491
1398
1424
1395
1460
1420
1400
1408
1444
1362
1387
1347
1396
1367
1484
1448
1416
1442
1472
1350
1384
1428
1388
1384
1432
1418
1410
1408
1372
1485
1392
1365
1402
1410
1452
1380
1450
1464
1432
1385
1408
1306
1417
1386
1379
1469
1462
1368
1379
951
1453
1480
1460
1416
1446
1492
1396
1440
1379
1478
1440
1376
1409
1432
1358
1449
1475
1491
1420
1380
1434
1468
1410
1386
1382
1312
1376
1366
1408
1349
1356
1400
1400
1450
1529
1374
1398
1456
1465
1344
1350
1456
1484
1364
1382
1464
1449
1333
1289
1432
1504
1295
1388
1464
1488
1389
1368
1476
1462
1366
1366
1540
1494
1292
1345
1488
1442
1369
1280
1438
1539
1410
1464
1488
1472
1326
1364
1520
1499
1384
1361
1462
1488
1376
1382
1488
1530
1394
1435
1456
1520
1216
1329
1523
1488
1342
1353
1506
1528
1408
1398
1476
1474
1356
1312
1488
1398
1366
1360
1528
1480
1355
1414
1520
1536
1444
1345
1442
1466
1365
1364
1395
1445
1448
1424
1453
1496
1342
1392
1480
1496
1285
1334
1469
1520
1361
1386
1504
1449
1344
1372
1498
1549
1345
1360
1508
1524
1400
1408
1491
1498
1322
1329
1419
1492
1302
1344
1438
1462
1348
1373
1448
1521
1260
1296
1488
1474
1412
1370
1506
1489
1400
1376
1532
1500
1364
1372
1492
1581
1398
1334
1496
1536
1350
1356
1495
1561
1344
1368
1529
1429
1328
1332
1414
1554
1344
1368
1472
1460
1393
1390
1457
1480
1412
1396
1462
1554
1388
1397
1384
1480
1326
1400
1422
1508
1418
1377
1458
1420
1429
1308
1312
1454
1359
1316
1496
1217
1347
1309
1472
1489
1360
1370
1520
1448
1400
1340
1408
1480
1414
1456
1434
1516
1392
1402
1468
1386
1339
1324
1474
1558
1387
1364
1432
1440
1332
1400
1478
1496
1348
1320
1459
1546
1354
1368
1480
1448
1360
1315
1496
1498
1331
1297
1492
1416
1384
1363
1510
1416
1380
1338
1466
1434
1392
1336
1476
1492
1329
1395
1484
1497
1349
1347
1464
1474
1370
1408
1513
1486
1344
1363
1456
1466
1394
1388
1495
1430
1328
1442
1472
1536
1347
1416
1474
1543
1340
1354
1472
1516
1396
1336
1556
1446
1416
1510
1492
1356
1522
1450
1270
1464
1491
1248
1372
1423
1500
1392
1323
1380
1488
1523
1363
1518
1305
1376
1264
1364
1350
1396
1390
1358
1346
1361
1405
1458
1442
1440
1392
1478
1456
1492
1383
1387
1376
1431
1398
1426
1560
1424
1480
1416
1440
1496
1484
1448
1400
1468
1376
1404
1480
1449
1442
1451
1422
1459
1438
1432
1427
1428
1465
1449
1478
1468
1426
1308
1369
1395
1424
1438
1475
1452
1442
1382
1444
1469
1468
1442
1416
1441
1424
1420
1424
1444
1336
1478
1380
1504
1382
1412
1436
1488
1506
1404
1436
1502
1483
1444
1366
1445
1462
1528
1434
1360
1440
1516
1460
1376
1456
1452
1392
1452
1376
1436
1480
1500
1411
1446
1462
1440
1432
1436
1408
1352
1351
1356
1384
1386
1408
1492
1464
1472
1348
1440
1465
1384
1508
1366
1484
1460
1392
1446
1340
1421
1411
1437
1395
1414
1452
1381
1460
1438
1430
1440
1430
1424
1410
1418
1478
1390
1439
1504
1392
1443
1488
1424
1372
1434
1444
1448
1350
1449
1396
1460
1440
1484
1350
1382
1392
1484
1328
1464
1425
1404
1480
1460
1420
1442
1504
1432
1484
1483
1490
1487
1479
1393
1404
1484
1449
1522
1402
1372
1436
1433
1394
1442
1456
1440
1466
1459
1401
1328
1472
1474
1480
1461
1472
1445
1489
1472
1539
1472
1472
1422
1454
1492
1464
1460
1472
1449
1520
1564
1469
1475
1420
1459
1435
1487
1420
1416
1448
1482
1440
1524
1492
1506
1504
1420
1494
1480
1438
1569
1468
1480
1584
1408
1496
1488
1452
1545
1496
1453
1536
1507
1516
1488
1436
1452
1507
1502
1478
1509
1448
1472
1468
1464
1434
1484
1528
1540
1462
1453
1504
1508
1457
1489
1460
1482
1472
1526
1489
1544
1490
999
1536
1619
1420
1492
1472
1478
1476
1460
1488
988
1480
1472
1456
1523
1488
1411
1468
1556
1486
936
1500
1466
1528
1452
1456
1545
1492
1480
1496
969
1506
1478
1464
1496
1456
1560
1446
1546
1496
868
1478
1458
1388
1478
1496
1484
1514
1504
1504
1437
1486
1472
1465
1488
1496
1462
1444
1504
1524
1004
1418
1506
1440
1478
1554
1446
1514
1520
1498
967
1556
1488
1536
1536
1440
1345
1448
1520
1548
974
1480
1484
1480
1528
1496
1542
1518
1548
1472
939
1544
1496
1460
1478
1536
1482
1496
1516
1424
1456
1542
1496
1436
1516
1420
1480
1432
1472
1449
947
1474
1494
1500
1508
1580
1512
1496
1496
1392
961
1513
1582
1484
1506
1457
1482
1496
1494
1536
1536
1521
1504
1536
1530
1472
1506
1488
1536
1452
1448
1473
1489
1444
1448
1437
1486
1492
1422
995
1444
1556
1500
1460
1472
1472
1536
1546
1498
931
1460
1520
1472
1528
1474
1496
1476
1376
1492
976
1474
1424
1536
1492
1504
1488
1011
1409
1476
1417
1396
1434
1492
1490
1520
1459
1462
1474
1368
1397
1504
1408
1289
1442
1404
1452
1482
1432
1480
1440
1504
1392
1440
1440
1442
1452
1490
1484
1524
1408
1426
1424
1513
1472
1432
1472
