- Jet Lab
- Date: 2022-12-01 18:37:36
- Step: 3500 motor steps
3287
3463
3640
3584
3456
3508
3564
3590
3492
3540
3476
3554
3552
3568
3476
3528
3524
3520
3600
3584
3474
3528
3548
3592
3568
3566
3564
3512
3616
3500
3436
3440
3376
3392
3348
3168
3140
3112
3048
2980
3046
2692
2771
2678
2610
2480
2412
2374
2402
2328
2308
2308
2232
2200
2138
2002
1974
2034
2022
1884
1905
1812
1808
1848
1713
1782
1827
1734
1705
1664
1680
1776
1646
1560
1664
1148
1570
1554
1516
1547
1504
1496
1521
1464
1491
1392
1479
1392
1417
1372
1460
1472
1460
1420
1348
1409
1340
1349
1252
1272
1302
1168
1322
1211
1268
1338
1312
1285
1273
1284
1304
1347
1351
1251
1376
1368
1418
1480
1472
1487
1472
1488
1492
1528
1505
1496
1498
1460
1426
1437
1456
1432
1510
1414
1468
1506
1520
1458
1456
1516
1500
1466
1452
1440
1474
1464
1460
1480
1412
1444
1472
1440
1474
1557
1492
1409
1488
1426
1412
1445
1402
1482
1498
1459
1440
1408
1472
1481
1520
1448
1514
1544
1452
1459
1438
1452
1504
1516
1520
1464
1540
1468
1528
943
1371
1452
1384
1339
1362
1392
1466
1408
1358
1392
1313
1240
1264
1219
1281
1298
1242
1236
892
1318
1306
1350
1366
1308
1347
1302
1336
1406
1372
1321
1328
1336
1462
1498
1476
1418
1422
1436
1472
1458
1464
1434
1425
1422
1465
1444
1516
1489
1468
1523
1466
1528
1514
1451
1434
1472
1432
1504
1481
1488
1472
1457
1486
1486
1460
1504
1514
1508
1472
1507
1536
1481
1488
1446
1501
1488
1435
1432
1440
1542
1494
1468
1536
1414
1490
1520
1472
1404
1486
1436
1418
1430
1462
1456
1452
1544
1472
1392
1395
1408
1289
1342
1418
1300
1344
1394
1356
1362
1400
1368
1349
1417
1376
1384
1372
1340
1276
1444
1378
1353
1414
1440
1416
1441
1416
1416
1428
1300
1331
1320
1288
1254
1300
1365
1372
1417
1362
1416
1468
1402
1416
1402
1457
1310
1426
1422
1356
1416
1321
1356
1260
1447
1408
1396
1420
1363
1417
1426
1368
1365
1381
1404
1424
1387
1344
1316
1409
1296
1344
1484
1346
1354
1368
1380
1383
1382
1443
1408
1462
1466
1340
1342
1366
1315
1304
1377
1414
1380
1372
1400
1387
1392
1382
1294
1404
1388
1354
1478
1376
1424
1377
1414
1356
1408
1352
1424
1391
1345
1284
1404
1294
1368
1392
1328
1394
982
1387
1432
1475
1410
1414
1384
1360
1381
1392
1358
1352
1392
1335
1335
1385
1397
1372
1441
1376
1377
1410
1363
1328
1365
1384
1319
1376
1344
1374
1408
1414
1348
1336
1383
1361
1433
1369
1420
1350
1369
1318
1372
1352
1386
1358
1382
1414
1363
1320
1355
1356
1414
1356
1345
1421
1357
1382
1361
1397
1384
1326
1372
1394
1344
1309
1449
1384
1368
1348
1440
1383
1376
1323
1327
1336
1346
1448
1334
1413
1372
1468
1404
1404
1433
1387
1332
1417
1380
1376
1414
1422
1398
1478
1404
1330
1360
1208
1366
948
1408
1288
1418
1393
1366
1445
1317
1356
1385
1458
1462
1452
1497
1460
1464
1444
1482
1500
1436
1468
1476
1464
1488
1514
1484
1436
1488
1494
1520
1544
1484
1536
1488
1480
1472
1504
1458
1452
1430
1481
1472
1441
1386
1444
1518
1460
1448
1480
1488
1366
1552
1428
1446
1488
1512
1526
1446
1553
1484
1488
1488
1480
1480
1480
1495
1317
1409
1452
1434
1484
1452
1528
1468
1472
1480
1540
1457
1468
1486
1424
1458
1396
1387
1416
1454
1448
1424
1456
1475
1417
1394
1432
1444
1400
1414
1390
1430
1464
1424
1465
1472
1395
1464
1422
1451
1392
1508
1408
1460
1466
1392
1440
1443
1402
1440
1421
1456
1390
1414
1416
1438
1412
1447
1340
1389
1376
1404
1464
1438
1454
1420
1436
1438
1465
1478
1491
1458
1465
1376
1436
1347
1424
1402
1465
1426
1523
1459
1432
1438
1418
1372
1478
1408
1521
1513
1494
1444
1376
1464
1364
1472
1476
1476
1472
1496
1392
1472
1486
1460
1452
1430
1400
1452
1394
1380
1508
1408
1433
1411
1464
1481
1364
1350
1444
1410
1416
1464
1426
1404
1380
1481
1433
1231
1440
1452
1416
1440
1459
1472
1374
1440
1440
1371
1508
1479
1441
1478
925
1424
1456
1498
1372
1444
1472
1465
1464
1421
1464
1372
1462
1426
1456
1310
1336
1422
1448
1412
1404
1449
1512
1472
1434
1476
1424
1424
1480
1399
1446
1456
1414
1352
1496
1392
1408
1384
1416
1408
1416
1379
1444
1484
1416
1436
1426
1484
1478
1426
1400
1401
1451
1448
1376
1432
1384
1416
1442
1384
1382
1395
1374
1318
1438
1460
1340
1382
1356
1428
1303
1380
1385
1286
1278
1380
1408
1360
1366
972
1449
1404
1429
1320
1482
1412
1427
1368
1400
1288
1214
1360
1370
1332
1352
1310
1304
1351
1341
1372
1350
1393
1424
1440
1411
1437
1347
1409
1432
1390
1390
1384
1392
1445
1396
1352
1368
1425
1352
1442
1384
1392
1382
1335
1383
1363
1318
1411
1344
1336
1376
1319
1390
1340
1356
1330
1388
1356
1263
1408
1395
1414
1404
1362
1366
1374
1398
1396
1260
1480
1292
1384
1382
1360
1425
1365
1372
1364
1307
1334
1401
1363
1368
1411
1393
1394
1334
1392
1409
1412
1304
1364
1393
1357
1368
1326
1410
1362
1341
1315
1440
1319
1400
1414
1363
1332
1372
1302
1423
1355
1408
1344
1388
1344
1356
1340
1417
1361
1420
1404
1355
1347
1372
1338
1400
1236
1264
1360
1340
1376
1416
1377
1395
1352
1412
1364
1388
1127
1351
1350
1456
1369
1376
1364
1361
1331
1392
1310
1387
1344
1403
1384
1434
1367
1392
1388
1414
1312
1365
1356
1316
1284
1386
1338
1402
1344
1402
1366
1336
1357
1416
1320
1372
1332
1393
1352
1412
1395
1418
1321
1379
1347
1398
1192
1304
1316
1364
1340
1406
1314
1266
1361
1370
1299
1288
1320
1358
1356
1408
1318
1346
1280
1476
1356
1359
1366
1360
1390
1435
1401
1362
1350
1364
1356
1373
1355
1440
1363
1376
1382
1382
1366
1372
1336
1368
1324
1378
1320
1374
1378
1356
1206
1410
1392
1416
1408
1320
1370
1277
1376
1433
1260
1444
1267
1382
1255
972
1386
1340
1344
1388
1392
1326
1374
1467
1408
1359
1304
1405
1376
1386
1369
1350
1336
1376
1300
1335
1325
1366
1300
1360
1331
1368
1374
1362
1371
1371
1364
1428
1360
1464
1341
1380
1380
1384
1334
1400
1336
1427
1347
1383
1331
1376
1325
1424
1394
1320
1336
1296
1290
1334
1372
1412
1428
1344
1376
1395
1352
1388
1340
1400
1434
1392
1316
1398
1216
1432
1356
1376
1396
1420
1352
1386
1329
1401
1366
1305
1352
1447
1412
1383
1284
1360
1353
1290
1369
1360
1340
1447
1388
1368
1416
1444
1292
1411
1378
1392
1328
1364
1307
1392
1372
1356
1344
1433
1306
1257
1282
1302
1398
1394
1356
1376
1334
1368
1396
1424
1320
1394
1428
1408
1416
1396
1329
1396
1241
1333
1352
1396
1372
1392
1348
1363
1320
1317
1352
1402
1331
1368
1348
1374
1453
1370
1350
1437
1392
1296
1378
1446
1389
1386
1326
1335
1392
1348
1430
1374
1372
1344
1328
1380
1308
1424
1356
1284
1321
1302
1384
1348
1328
1377
1298
1392
1308
1398
1354
1389
1371
1381
1372
1380
1400
1392
1334
1441
1398
1374
1461
1312
1388
1384
1386
1348
1353
1441
1365
1366
1396
1383
1344
1371
1395
1366
1344
1419
1388
1452
1416
1427
1391
1412
1358
1340
1384
1430
1440
1416
1366
1404
1355
1426
1275
1319
1403
1348
1346
1412
1412
1420
1360
1388
1356
1408
1374
1383
1420
1417
1355
1358
1356
1375
1384
1399
1430
1353
1422
1387
1376
1371
1377
1424
1394
1434
1367
1340
1334
1376
1347
1340
1352
1392
1409
1374
1291
1356
1347
1376
1280
1354
1336
1445
1345
918
1392
1396
1364
1312
1447
1246
1338
1445
1353
1374
1369
1442
1432
1424
1411
1356
1356
1392
1362
1367
1336
1384
1377
1368
1392
1347
1341
1364
1363
1300
1372
1384
1435
1401
1402
1382
1412
1368
1363
1379
1346
1401
1292
1351
1376
1401
1428
1478
1326
1408
1347
1444
1350
1372
1344
1376
1368
1371
1351
1372
1342
1356
1369
1296
1338
1388
1296
1396
1372
1384
1393
1450
1376
1408
1397
1440
1356
1412
1374
1362
1324
1412
1333
1387
1408
1402
1376
1354
1388
1340
1332
1368
1366
1363
1444
1331
1344
1405
1322
1332
1392
1408
1412
1384
1394
1464
1356
1454
1398
1352
1326
1330
1284
1450
1364
1350
1348
1376
1398
1396
1334
1320
1364
1360
1392
1382
1321
1380
1348
1376
1368
1428
1348
1452
1367
1384
1344
1368
1402
1380
1322
1420
1257
1336
1361
1369
1353
1408
1353
1371
1251
1368
1377
1382
1360
1371
1376
1362
1330
1450
1336
1411
1432
1472
1330
1420
1330
1340
1368
1408
1336
1386
1360
1388
1384
1383
1365
1376
1324
1356
1336
1372
1396
1318
1358
1364
1400
1362
1395
1434
1376
1400
1418
1356
1319
1356
1393
1392
1348
1409
1380
1474
1395
1314
1408
1355
1378
1420
1338
1410
1309
1382
1382
1345
1377
1424
1352
1361
1361
1408
1404
1386
1300
1419
1374
1389
1328
1384
1383
1422
1347
1368
1370
1420
1347
1392
1283
1371
1372
1368
1350
1344
1388
1390
1382
1340
1380
1266
1380
1372
1390
1440
1376
1390
1313
1388
1381
1376
1321
1428
1328
1372
1376
1333
1346
1380
1401
1360
1368
1459
1300
1404
1333
1412
1314
1362
1292
1422
1360
1321
1352
1485
1348
1442
1358
1456
1392
1432
1344
1446
1397
1428
1334
1392
1293
1418
1363
1456
1334
1416
1372
1388
1332
1362
1401
1432
1370
1362
1382
1376
1421
1364
1356
1396
1304
1385
1408
1406
1390
1372
1364
1367
1320
1400
1358
1379
1296
1370
1331
1402
1314
1368
1366
1396
1388
1418
1408
1378
1336
1409
1389
1316
1373
1400
1364
1432
1331
1402
1392
1376
1322
1376
1248
1427
1308
1432
1323
1366
1350
1445
1350
1392
1360
1345
1360
1401
1390
1408
1371
1334
1314
1340
1438
1360
1344
1408
1352
1416
1442
1372
1364
1378
1420
1429
1506
1480
1432
1458
1463
1468
1366
1454
1537
1465
1537
1625
1478
1609
1476
1664
1536
1612
1686
1636
1666
1660
1746
1688
1720
1756
1796
1908
1862
1880
1960
2200
2216
2312
2337
2576
2464
2585
2568
2617
2712
2713
2892
2886
2894
3064
2952
3096
3188
3296
3226
3252
3304
3428
3408
3468
3424
3488
3442
3480
3512
3542
3544
3552
3586
3562
3444
3532
3496
3600
3616
3617
3456
3532
3524
3628
3600
3564
3662
3682
3592
3552
3584
3632
3640
3683
3516
3636
3520
3616
3387
3656
3584
3624
3576
3668
3602
3656
3664
3724
3696
3600
3622
3564
3584
3668
3584
3684
3584
3500
3656
3640
3600
3664
3680
3596
3544
3681
3625
3604
3624
3562
3586
3592
3552
3524
3464
3464
3544
3468
3478
3490
3388
3368
3408
3392
3352
3340
3236
3168
3170
3102
3120
3184
3072
3028
2944
3026
2852
2928
2774
2788
2720
2692
2624
2572
2395
2534
2446
2360
2284
2362
2304
2228
2132
2072
1948
2032
1890
1417
1896
1936
1779
1760
1656
1625
1656
1544
1574
1609
1506
1606
1420
1442
1458
1496
1429
1464
1468
1436
1457
1482
1484
1462
1395
1475
1432
1456
1420
1332
1348
1456
1320
1464
1424
1496
1448
1440
896
1370
1370
1436
1452
1380
1402
1442
1404
1426
1289
1472
1420
1440
1442
1504
1437
1536
1408
1504
1404
1484
1424
1504
1402
1416
1398
1488
1444
1432
1345
1504
1386
1412
1393
1428
1376
1512
1416
949
1280
1446
1393
1420
1422
1404
1388
1426
1424
986
1364
1448
1428
1452
1432
1480
1414
1420
1426
963
1372
1432
1428
1474
1402
1426
1424
1396
1312
1444
1405
1424
1409
1430
1404
1448
1401
1461
1438
1435
1424
1454
1468
1416
1424
1479
1395
1460
923
1374
1350
1426
1383
1370
1392
1364
1340
1368
1368
1393
1320
1440
1336
1403
1326
1432
1312
1344
1276
1394
1338
1442
1368
1398
1388
1368
1384
1390
1358
1352
1409
1332
1299
1412
1350
1460
1350
1353
1350
1368
1316
1382
1362
1410
1328
1386
1416
1400
1352
1428
1342
1476
1358
1432
1360
1325
1368
1380
1313
1420
1320
1366
1430
1381
1378
1446
1360
1408
1383
1318
1337
1354
1397
1403
1348
1350
1380
972
1334
1390
1372
1371
1346
1377
1404
1484
1344
1410
1356
1372
1354
1369
1346
1357
1381
1390
1414
1396
1392
1428
1334
1445
1355
1433
1431
1379
1353
1328
1312
1441
1296
1324
1376
1357
1368
1368
1411
1434
1306
1422
1353
1432
1344
1401
1395
1378
1363
1377
1362
1377
1369
1417
1290
1268
1336
1315
1370
1388
1440
1372
1389
1396
1376
1328
1312
1385
1404
1349
1320
1422
1304
1422
1359
1330
1382
1408
1323
1376
1389
1360
1438
1413
1380
1394
1290
1350
1373
1351
1346
1401
1346
1448
1400
1392
1372
1344
1336
1385
1374
1368
1376
1408
1344
1346
1378
1297
1389
1376
1393
1392
1306
1396
1362
1424
1412
1394
1296
1307
1322
1372
1298
1408
1352
1400
1382
1364
1372
1380
1358
1400
1376
1352
1340
1376
1337
1363
1359
1428
1390
1401
1384
1298
1340
1374
1348
1388
1396
1322
1331
1401
1356
1374
1350
1388
1410
1432
1357
1396
1388
1332
1384
1344
1397
1356
1399
1416
1341
1394
1300
1414
1378
1400
1352
1408
1368
1330
1380
1319
1390
1429
1346
1428
1191
1368
1328
1360
1330
1435
1360
1398
1320
1371
1320
1398
1343
1420
1348
1444
1379
1347
1339
1393
1332
1450
1330
1437
1344
1300
1339
1310
1338
1385
1383
1344
1295
1376
1326
1372
1340
1376
1308
1334
1391
1362
1332
1314
1342
1339
1312
1376
1374
1408
1302
1392
1283
1392
1397
1414
1394
1424
1331
1372
1434
1409
1248
1386
1366
1366
1324
1392
1383
1417
1344
1388
1352
1336
1374
1374
1396
1404
1381
1435
1390
1324
1362
1440
1387
1367
1392
1408
1358
1332
1340
1368
1412
1412
1358
1366
1389
1390
1440
1344
1428
1220
1322
1312
1365
1419
1344
1344
1376
1420
1321
1336
1349
1400
1315
1388
1360
1374
1298
1352
1329
1391
1378
1432
1372
1413
1336
1372
1371
1361
1329
1415
1368
1426
1320
1468
1417
1415
1419
1409
1328
1347
1267
1409
1386
1435
1368
1424
1348
1376
1326
1336
1374
1413
1414
1402
1386
1417
1319
1359
1291
1302
1405
1369
1383
1410
1356
1380
1358
1403
1346
1364
1354
1280
1376
1395
1336
1328
1315
1398
1409
1413
1456
1383
1400
1412
1318
1411
1335
1410
1306
1416
1360
1408
1328
1376
1440
1364
1324
1346
1303
1390
1344
1411
1413
1376
1380
1432
1260
1364
1298
1384
1329
1376
1344
1353
1244
1298
1305
1309
1376
1008
1308
1392
1304
1460
1288
1382
1377
1444
1316
1351
1379
1341
1314
1340
1348
1379
1344
1419
1350
1340
1354
1412
1327
1408
1338
1404
1377
1431
1280
1400
1356
1433
1299
1330
1332
1398
1358
1419
1353
1341
1300
1372
1398
1380
1280
1398
1370
1262
1319
1291
1350
1387
1280
1327
1296
1404
1344
1384
1400
1344
1384
1421
1352
1390
1324
1395
1294
1336
1408
1328
1257
1356
1310
1353
1290
1380
1346
1379
1326
1398
1298
1421
1295
1448
1292
1416
1356
1372
1340
1360
1366
1430
1342
1386
1375
1355
1366
1400
1324
1346
1350
1408
1408
1408
1342
1384
1304
1414
1260
1344
1234
1408
1352
1412
1358
1418
1305
1420
1307
1457
1264
1416
1376
1428
1293
1361
1308
1440
1290
1324
1352
1414
1254
1362
1317
1336
1308
1348
1230
1440
1269
1352
1314
1428
1233
1342
1268
1384
1244
1326
1272
1371
1453
1360
1437
1369
1436
1409
1457
1342
1452
1379
1403
1364
1450
1372
1388
1341
1362
1300
1426
1401
1458
1405
1396
1421
1472
1372
1376
1362
1396
1339
1397
1364
1392
1428
1454
1379
1414
1428
1336
1374
1404
1328
1364
1422
1462
1444
1336
1376
1438
1424
1438
1464
1456
1362
1408
1356
1446
1348
1425
1376
1438
1416
1416
1365
1360
1384
1440
1424
1368
1400
1230
1388
1426
1288
1347
1392
1420
1417
1408
1356
1454
1396
1369
1404
1412
1415
1427
1388
1436
1408
1384
1432
1344
1399
1428
1368
1388
1368
1414
1476
1366
1408
1378
1392
1420
1356
1416
1377
1376
1386
1395
1320
1379
1400
1356
1414
1400
1370
1372
1340
1432
1392
1378
1392
1393
1392
1420
1363
1400
1348
1382
1350
1384
1363
1412
1408
1361
1398
1384
1336
1352
1384
1426
1376
1318
1348
1446
1420
1400
1382
1328
1398
1415
1324
1454
1362
1357
1408
1432
1372
1377
1412
1433
1420
1372
1354
1425
1380
1392
1368
1378
1360
1368
1368
1380
1416
1414
1404
1392
1366
1400
1346
1361
1414
1412
1392
1376
1320
1317
1302
1392
1292
1452
1396
1422
1172
1392
1424
1428
1464
1364
1427
1386
1396
1349
1402
1352
1353
1398
1446
1330
1379
1408
1455
1430
1380
1464
1425
1401
1422
1274
1362
1390
1384
1365
1323
1408
1356
1404
1408
1424
1410
1369
1368
1392
1381
1400
1394
1348
1360
1350
1451
1422
1440
1422
1356
1376
1313
1358
1356
1426
1378
1409
1314
1382
1426
1439
1448
1393
1382
1437
1409
1408
1414
1392
1402
1384
1344
1416
1420
1408
1376
1418
1361
1426
1308
1376
1388
1348
1356
1336
1361
1336
1408
1376
1331
1384
1396
1352
1418
1352
1444
1387
1404
1288
1280
1306
1394
1366
1388
1408
1336
1426
1324
1313
1331
1336
1360
1400
1360
1440
1412
1393
1392
1408
1443
1412
1336
1412
1412
1350
1372
1410
1448
1312
1440
1426
1408
1352
1315
1354
1444
1395
1380
1350
1396
1386
1384
1345
1345
1459
1340
1433
906
1393
1421
1496
1392
1424
1414
1432
1420
1416
1499
1432
1500
1413
1456
1472
1408
1422
1360
1353
1390
1408
1442
1465
1411
1416
1412
1451
1449
1017
1512
1475
1464
1553
1462
1539
1468
1448
1400
886
1452
1365
1468
1435
1422
1389
1432
1408
1498
1446
1401
1416
1446
1473
1484
1432
1456
1516
1530
1461
1478
1462
1464
1435
1452
1452
1436
1441
1451
1462
1469
1468
1466
1505
1480
1464
1392
1411
1412
1440
1402
1404
1458
1360
1385
1448
1360
1408
1420
1436
1396
1464
1473
1420
1454
1500
1440
1484
1426
1442
1442
1466
1452
1476
1464
1456
1482
1562
1568
1432
1358
1498
1393
1510
1416
1466
1472
1417
1440
1510
1396
1450
1440
1497
1447
1464
1418
1465
1468
1430
1468
1368
1492
1492
1468
1255
1446
1408
1432
1442
1516
1438
1424
1502
1464
1480
1449
1462
1441
1445
1416
1438
1416
1468
1448
1452
1468
1427
1448
1538
1448
1408
1402
1424
1430
1400
1476
1450
935
1433
1472
1494
1458
1482
1440
1435
1420
1488
1446
1462
1444
1424
1408
1408
1466
1428
1453
1512
1436
1440
1472
1442
1409
1374
1446
1403
1472
1436
1374
1460
1462
1422
1409
1480
1464
1436
1420
1447
1426
1472
1452
1462
1411
1386
1520
1498
1518
1501
1424
1472
1424
1518
1523
1418
1456
1472
1480
1401
1450
1488
1472
1539
1506
1428
1440
1458
1428
1451
1483
1416
1472
1472
1420
1426
1408
1420
1384
1464
1440
1424
1486
1334
1408
1394
1452
1408
1457
860
1400
1412
1361
1364
1380
1356
1340
1338
1380
1453
1351
1351
1364
1411
1402
1404
1386
1397
1384
1462
1380
1356
1393
1393
1384
1324
1402
1424
1446
1404
1369
1420
1449
1360
1376
1400
1428
1400
1438
1397
1420
1368
1345
1358
1425
1358
1432
1398
1370
1366
1296
1289
1426
1363
1392
1434
1368
1432
1376
1386
1348
1444
1380
1416
1424
1372
1440
1408
1331
1420
1377
1400
1402
1396
1377
1389
1360
1396
1427
1320
1363
1352
1472
1356
1392
1359
1472
1385
1402
1415
1372
1424
1368
1409
1398
1416
1336
1410
1366
1350
1347
1340
1434
1422
1329
1412
1368
1390
1302
1320
1231
1417
1382
1404
1449
1404
1390
1438
1418
1382
1459
1362
1388
1370
1432
1392
1424
1422
1400
1378
1332
1408
1415
1378
1392
1391
1412
1379
1346
1394
1432
1376
1412
1370
1340
1386
1392
1294
1312
1378
1338
1476
1321
1403
1428
1414
1414
1289
1348
1443
1270
1388
1486
1518
1393
1484
1380
1462
1448
1558
1580
1592
1614
1640
1600
1684
1776
1756
1831
1816
1796
2020
2160
2076
2109
2250
2288
2371
2466
2550
2610
2500
2649
2700
2868
2870
3008
2912
2980
3072
3114
3147
3090
3104
3171
3260
3292
3272
3404
3480
3456
3381
3524
3536
3600
3521
3584
3513
3632
3480
3556
3539
3552
3652
3587
3592
3648
3696
3650
3684
3620
3792
3676
3672
3744
3766
3684
3721
3712
3672
3658
3724
3720
3776
3800
3712
3712
3760
3648
3648
3736
3682
3715
3737
3596
3744
3698
3682
3712
3616
3636
3660
3616
3624
3640
3692
3672
3672
3687
3648
3616
3694
